-437.8681842432873 148.87872184838272 
-393.2327391902787 -107.5620195092229 
-413.12561489363736 -90.44058737887431 
-393.2327391902787 -107.5620195092229 
-363.2783214302121 -120.34116380124432 
-408.9250269611469 -103.96861031163971 
-411.41973536003974 -91.30989614749102 
-338.97199207094394 -127.07756846518308 
-228.32089567261497 -142.98566369096253 
-361.5879666983947 -125.11667037897682 
-403.03245777390117 -106.93678999766868 
-244.13709222572496 -141.41844980027088 
-423.2181092349208 -87.5664524932973 
-363.2783214302121 -120.34116380124432 
-283.7647737230718 -137.1841546044262 
-437.4946894313447 -40.643234333998805 
-383.4743821623182 -113.90999243777735 
-317.7501023274037 -133.40092484169998 
-363.2719416340208 -120.40083341310483 
-410.60781881611945 -100.8671956839708 
-437.2052328723622 -78.98400465574113 
-424.1884307247229 -79.21381768235518 
-391.3595844973479 -110.27425726282354 
-361.5879666983947 -125.11667037897682 
-323.3097882175302 -129.44864237381535 
-374.0529678003407 -116.20750159688185 
-365.25578246980155 -119.74202435196739 
-437.4946894313447 -40.643234333998805 
-251.93201147138217 -140.21999220750004 
-412.9865503699681 -87.96220019082843 
-333.3658924039697 -125.35735968251893 
-333.3658924039697 -125.35735968251893 
-330.1445734959934 -126.93949526894939 
-227.73387747979925 -142.00166241772587 
-392.8377837393258 -103.03724464637119 
-230.40079119050753 -141.3185433629273 
-243.53765110337793 -141.0934964941252 
-230.40079119050753 -141.3185433629273 
-417.71964724842235 -87.00970800084536 
-418.40027840842293 -84.47059658415185 
-417.154291029986 -87.12922549972038 
-421.65951734621495 -83.81525297479955 
-418.40027840842293 -84.47059658415185 
-274.79916696968166 -134.78554637213253 
-274.5136973737768 -134.88482194378318 
-274.5136973737768 -134.88482194378318 
-274.5136973737768 -134.88482194378318 
-255.73892329023155 -135.93347554144975 
-306.45690076476086 -131.37773876650974 
-408.04300689363976 -97.2650764848912 
-409.46197235495436 -90.8267741065307 
-424.34331988460895 -78.84253434748854 
-436.27364756114366 -60.28914690292791 
-425.4409494597421 -77.22872600488101 
-428.6679596459975 -74.61417049107072 
-380.58840511881937 -108.99962865536725 
-333.9295462972531 -123.09789094152663 
-359.05195838201365 -122.16133868937807 
-333.403583989477 -125.10888465638173 
-339.6092043103368 -122.48819243165069 
-371.32434840651985 -115.47798627099623 
-360.35680118779845 -116.49131437032699 
-437.0583977923029 -22.951700277861274 
-247.04309243280338 -140.11039944199132 
-247.2007891857914 -137.74540652752515 
-325.48057169255287 -126.90756865311272 
-389.14477805105486 -101.57819638299564 
-390.4080519365875 -100.98112689406834 
-237.1693845717087 -140.88823111070917 
-238.00822711880852 -140.8261216293677 
-221.2104621192575 -141.22729239971815 
-226.9348614738158 -140.94655250579436 
-417.2497061668973 -85.79156639018238 
-420.9295373882782 -83.06106708677501 
-421.5531005044794 -80.65898929070084 
-273.5350336490856 -132.72011203665014 
-250.38408686999017 -134.9413034966332 
-250.38408686999017 -134.9413034966332 
-250.84673532770043 -134.1701985020289 
-250.96604061810334 -134.0717235980261 
-250.84673532770043 -134.1701985020289 
-293.8789098408832 -127.38815695491185 
-273.7991361115999 -130.69813236679207 
-302.632258628677 -127.37665269308347 
-280.7329244271181 -128.93434366357255 
-397.83931018557894 -91.27534220092352 
-396.8751938225607 -95.5388684830667 
-405.9993289685368 -87.95287831495749 
-424.0399592903297 -78.02257223335859 
-429.7137916339916 -57.2210836859159 
-436.05197588562817 -27.985609481394704 
-428.8523009672694 -59.02728534996045 
-434.66410706108957 -55.56716867192226 
-424.7549374206665 -72.5091778323165 
-426.0069487488376 -72.27566164687009 
-428.4809928393488 -72.1230093030155 
-379.90380057817015 -107.29896304012019 
-357.26457704658145 -120.07241446522607 
-329.411720352009 -123.45067669701382 
-329.4591581122048 -121.66716656733858 
-364.37539481780607 -109.71702098385424 
-436.8355421370445 -0.10978621340490236 
-244.88112657175998 -138.7333110414279 
-244.88112657175998 -138.7333110414279 
-243.766197714106 -139.90727469025265 
-245.17267752706127 -138.36940371760699 
-244.77048934403132 -138.8939820851363 
-246.6218099312703 -137.54028383768775 
-246.92346325436273 -135.5142563555506 
-310.6524131670435 -125.81194618404207 
-325.34352974348565 -125.20321050286564 
-382.87760986647925 -101.27040748108186 
-386.3813504461959 -98.9518558131219 
-386.3813504461959 -98.9518558131219 
-386.3813504461959 -98.9518558131219 
-236.6814995555695 -140.84818414176956 
-410.0503401039426 -85.44540538975698 
-417.058771950274 -84.80727042439352 
-417.089463839108 -81.7036951637647 
-264.579004615092 -132.47103486409077 
-250.5908253579666 -133.5547348973615 
-294.0920773403443 -127.35246781489435 
-280.20315859982054 -128.66666866374294 
-280.31173126616136 -128.49726332337406 
-397.525025931237 -88.73872118731866 
-393.1272808843116 -93.78108942525216 
-393.1272808843116 -93.78108942525216 
-393.1272808843116 -93.78108942525216 
-393.76099941728404 -92.50144260268058 
-395.36077034727225 -91.47985051575978 
-387.4977232197355 -95.15265143698319 
-387.4207976339918 -95.52049398636139 
-393.47384392943644 -93.24839470248037 
-398.1415750266958 -87.1660488021466 
-400.97326587252064 -87.13629512919832 
-421.5701891187157 -76.05768216988051 
-435.7856469951862 -1.3457187872666125 
-428.811704708078 -58.555376367167796 
-434.18927614640876 -40.65429818820957 
-434.0636643148644 -54.19596620568383 
-430.54505362424516 -54.7372728088773 
-426.0992654623049 -66.11904020426097 
-424.25929482476454 -66.75004982302511 
-426.1027933961417 -61.069362958974565 
-423.0862931087035 -67.33253640237315 
-377.0949693597782 -106.85152508253347 
-340.05414653533535 -119.97436282229597 
-341.0337437138826 -119.72479601605798 
-355.10014035933193 -116.0665896762914 
-330.6044139233084 -120.02243913328587 
-345.74384538994593 -116.3146222891991 
-355.70959331503263 -113.42923806585225 
-363.30471211293724 -107.46119732673165 
-360.80415261448996 -107.97862159589654 
-357.1458096841029 -109.30692232400455 
-239.063417516743 -139.5983600753426 
-239.063417516743 -139.5983600753426 
-239.063417516743 -139.5983600753426 
-239.063417516743 -139.5983600753426 
-237.16015186186036 -139.751963221013 
-239.063417516743 -139.5983600753426 
-240.4977970397495 -138.84095933910535 
-240.54751078761495 -137.67769304939299 
-245.46085845988685 -137.17662916791767 
-243.9784397456722 -137.52328563780964 
-243.9784397456722 -137.52328563780964 
-244.16315272128256 -137.50944656193548 
-244.41897825997327 -137.3732329033147 
-244.41897825997327 -137.3732329033147 
-246.53243488805595 -134.00747998266112 
-246.53243488805595 -134.00747998266112 
-229.6411992217532 -140.60460361293025 
-432.41749470484024 -29.128396878756533 
-432.0264418020786 -37.23381119135773 
-427.7255216418589 -53.431501861841774 
-421.2045625858631 -74.64829701296095 
-416.78395726648296 -84.80687277939822 
-278.5782221872063 -128.0588791351352 
-307.60470849565223 -125.20788610936671 
-292.4203965398528 -125.27897454216271 
-332.36112228359156 -119.85133129964362 
-250.2636580088062 -132.94566104720005 
-421.62418019650795 -63.64958700511939 
-355.9001619946181 -106.25163575890629 
-369.92394981262873 -104.90075381437867 
-382.098877972708 -98.93660221939932 
-353.118585352051 -114.95679216290706 
-341.5549396878698 -115.8439164735443 
-389.1377152575841 -93.5352503071785 
-407.9941154761668 -85.03580702084763 
-280.3387707971921 -125.30307763874876 
-261.53936656221043 -132.16089407706596 
-261.53936656221043 -132.16089407706596 
-394.7660907727935 -88.20781022165067 
-323.41672406087037 -125.15255062259716 
-339.87292150697846 -119.4639728393291 
-240.4675817749808 -138.7685379661154 
-242.96647139812364 -135.6818719281315 
-232.23633660700241 -139.05125947111972 
-379.7198968373278 -100.5810542068044 
