-35.07043379802659 -107.68769785436821 
-46.075190037927314 -104.63546100869617 
-40.09288521278707 -107.18091725938841 
-34.87151884512448 -107.73638721822874 
-44.65974126181739 -104.98767221708987 
-44.07243025180109 -106.22788540837433 
-40.09291694498856 -107.18087280659431 
-35.07031471886249 -107.68776171801791 
-13.435614929021781 -114.97606069416612 
-5.098714392872328 -126.22768126665936 
-40.09291694498856 -107.18087280659431 
-60.306459402704235 -72.06037502890703 
-54.85096594473124 -93.24198867698134 
-63.41263776716899 -43.09740455659653 
-29.194198080340104 -109.84317928766048 
-35.070398136605874 -107.68767846316858 
-43.28067452019819 -97.30195550365954 
-42.32173065354781 -100.12614602174838 
-41.71901688408954 -104.1398768876236 
-11.590979203875246 -110.77405092121741 
-38.20512105777528 -106.13322837200312 
-54.50885530388043 -69.474267265723 
-53.91520182313039 -83.80674829152278 
-23.392640539305535 -107.99328268920165 
-53.161694038161414 -83.18008313959993 
-21.682683435683533 -106.31038117967641 
-43.09737898063776 -95.36171089714794 
-31.27240155839721 -105.29999202536646 
-42.31589520424484 -97.21936739518988 
-41.498224275042226 -104.00285308797444 
