-35.07043379802659 -107.68769785436821 
-34.87151884512448 -107.73638721822874 
-35.07031471886249 -107.68776171801791 
-13.435614929021781 -114.97606069416612 
-63.41263776716899 -43.09740455659653 
-29.194198080340104 -109.84317928766048 
-33.467822649348115 -108.61227482460706 
-7.442539785187428 -126.38746203875698 
-44.61426540504285 -107.3410191954867 
-63.63725631728609 -40.60786702832276 
-11.739443929880341 -120.38345816298614 
-59.79722439549904 -105.82678951056819 
-4.858490734348365 -132.28771821298466 
-1.6242972610595956 -153.60129257518815 
-60.341780626928326 -98.81019347976387 
-5.098714392872328 -126.22768126665936 
-60.306459402704235 -72.06037502890703 
-58.62734505565055 -91.58294526483519 
-27.977794092204324 -108.440893799102 
-11.590979203875246 -110.77405092121741 
-54.85096594473124 -93.24198867698134 
-49.91054000146217 -104.24406790087211 
-10.978569070290273 -119.970476765202 
-35.070398136605874 -107.68767846316858 
-11.085294924469682 -116.39374862420742 
-44.07243025180109 -106.22788540837433 
-46.075190037927314 -104.63546100869617 
-40.09288521278707 -107.18091725938841 
-40.09291694498856 -107.18087280659431 
-44.659596365106026 -104.9877076393934 
