-9.789414089156764 -154.8289599306425 
-77.93035796446432 -84.07875309829251 
-9.557834965679088 -154.9089646447974 
-67.77836361685546 -128.1523900277887 
-50.62778235738844 -141.86729216548574 
-50.279518867305754 -145.30252660403357 
-10.559790295306314 -154.58820772539354 
-87.26429923317794 -73.8329042465427 
-36.26724745481539 -151.5583052954295 
-72.56172839391658 -125.1148642221163 
-87.26444238339057 -73.83288716923538 
-45.914181493803966 -145.80659420739585 
-38.605982264212514 -149.29353998178462 
-56.778705919961105 -137.90465780488523 
-33.349571431608446 -153.01877587359655 
-71.14431471167893 -127.81328962859065 
-81.52094902869271 -77.44177941674181 
-53.52772030797849 -139.67022203069698 
-10.732461605459754 -153.91595716090666 
-17.70208721063291 -153.44402500432597 
-48.39000413396152 -145.45311255236834 
-63.58698051281507 -134.61770302996123 
-9.557808240768257 -154.90895815199858 
-87.05916717642894 -73.63966879402179 
-70.13530296012499 -126.06779998144759 
-73.79196247727708 -83.78826753409004 
-32.62253271861533 -146.12299427752666 
-18.88223050197143 -152.81537003973077 
-77.76372806689625 -78.6797298817894 
-49.46412132342235 -136.30282375059062 
