-16.04819201597421 -152.0379272409667 
-34.63166383550413 -149.4610621293377 
-9.789414089156764 -154.8289599306425 
-58.203081615492295 -132.33836920670913 
-40.51995493193073 -144.748671814143 
-47.90936005767901 -137.91648610963693 
-77.93035796446432 -84.07875309829251 
-12.67748452481785 -153.31164394876853 
-47.43128401539957 -144.05192451704806 
-27.031525384194577 -150.4256499986039 
-17.49856083478387 -150.48772422104133 
-70.13530296012499 -126.06779998144759 
-78.60751689845027 -75.7614158446444 
-58.686935446794266 -130.3313929110474 
-48.48047354540597 -136.04819323383037 
-87.05909427114214 -73.63967940250075 
-49.86976843323894 -133.99742013127735 
-63.54122718447488 -126.42901021379755 
-5.059409777078951 -154.75622127974748 
-84.19898528503643 -65.84527421345618 
-68.14128054646669 -84.09686853885864 
-26.119433781982146 -149.88757447624474 
-39.74725676245838 -144.69161010396573 
-76.41303543565425 -78.62002928904477 
-66.44253317583504 -105.82156450107468 
-13.694851211924579 -149.9520196436029 
-44.924889242385554 -138.05692477690718 
-65.02897819790117 -121.66475063529016 
-82.18611038031511 -72.19901071386522 
-65.22621754848947 -107.44513900345748 
