-67.42999149498644 -52.55741703124618 
-66.29001185972558 -105.81813193396178 
-63.199913542797546 -109.22879734025575 
-1.3054612258770533 -154.6881102227882 
-69.83811424323221 -42.381751065249176 
-9.778507705498864 -150.35696760983765 
-6.555789015650891 -152.01369936125582 
-48.10348347444925 -127.49351984996714 
-4.727403561760134 -152.65142534419954 
-51.35732043353213 -120.44696704387312 
-28.20642065485281 -143.10792709745976 
-46.492215353240915 -132.96743111419894 
-13.694851211924579 -149.9520196436029 
1.804510667957139 -154.7363638269492 
-67.42977532328166 -52.55746824863109 
-4.474978380280422 -154.41251324421455 
-70.24715297117291 -39.72206523351258 
0.574062572456949 -154.41775102248386 
-69.64896936636313 -38.27533002744062 
-48.10347481928905 -127.49350703178679 
-63.125119954494394 -44.54526102176479 
-62.97836496468685 -105.77010378823987 
-38.521752366905844 -131.95358639495402 
-62.893530745775465 -105.85248250050465 
-18.671952576038898 -134.4852860820115 
-10.873388586005028 -149.8239027828257 
-12.578580371056919 -137.7543493960934 
-64.92261021021022 -44.185657423474666 
-4.555612190732582 -151.68113387529507 
-14.316000421181556 -134.77587340314074 
