-67.42999149498644 -52.55741703124618 
-66.29001185972558 -105.81813193396178 
-63.199913542797546 -109.22879734025575 
-1.3054612258770533 -154.6881102227882 
-69.83811424323221 -42.381751065249176 
-48.10348347444925 -127.49351984996714 
-4.727403561760134 -152.65142534419954 
-51.35732043353213 -120.44696704387312 
-28.20642065485281 -143.10792709745976 
-46.492215353240915 -132.96743111419894 
1.804510667957139 -154.7363638269492 
-67.42977532328166 -52.55746824863109 
-4.474978380280422 -154.41251324421455 
-70.24715297117291 -39.72206523351258 
-61.122300014641084 -112.43813830897977 
-16.04819201597421 -152.0379272409667 
-44.924889242385554 -138.05692477690718 
-0.9031967768706828 -154.72483641320025 
-69.64896936636313 -38.27533002744062 
0.574062572456949 -154.41775102248386 
-65.91933001090516 -70.4406630410758 
-48.10347481928905 -127.49350703178679 
-23.9912820287181 -136.5058768905001 
-38.521752366905844 -131.95358639495402 
-62.893530745775465 -105.85248250050465 
-62.97836496468685 -105.77010378823987 
-13.694851211924579 -149.9520196436029 
-6.555789015650891 -152.01369936125582 
-2.9064957883778497 -153.858100109105 
-10.132310750495844 -151.18800099893284 
