-1.6242972610595956 -153.60129257518815 
-18.671952576038898 -134.4852860820115 
-10.460317324070196 -140.8324053827927 
-67.42999149498644 -52.55741703124618 
-12.578580371056919 -137.7543493960934 
-66.29001185972558 -105.81813193396178 
-63.199913542797546 -109.22879734025575 
-2.7763339639198072 -153.56100878964045 
-1.3054612258770533 -154.6881102227882 
-69.83811424323221 -42.381751065249176 
-9.778507705498864 -150.35696760983765 
-48.10347481928905 -127.49350703178679 
-6.555789015650891 -152.01369936125582 
-13.962625516904993 -134.06090387953424 
-9.912071831069376 -134.19382384613658 
-64.92261021021022 -44.185657423474666 
-62.97836496468685 -105.77010378823987 
-62.893530745775465 -105.85248250050465 
0.574062572456949 -154.41775102248386 
-69.64896936636313 -38.27533002744062 
-9.433875270578866 -137.35701851308676 
-6.720625985171427 -148.843147563103 
-41.57510385058778 -122.42644739165145 
-28.60050521093101 -126.77318442894034 
-45.178173714460925 -120.25600354702725 
-4.304642244974307 -150.11560911942806 
-63.63725631728609 -40.60786702832276 
-5.881996192498757 -141.20982492771387 
-62.464486502228176 -83.24882994393363 
-44.61426540504285 -107.3410191954867 
