-9.789414089156764 -154.8289599306425 
-58.203081615492295 -132.33836920670913 
-77.93035796446432 -84.07875309829251 
-12.67748452481785 -153.31164394876853 
-70.13530296012499 -126.06779998144759 
-78.60751689845027 -75.7614158446444 
-58.00103763187819 -133.8541347681028 
-9.557834965679088 -154.9089646447974 
-67.77836361685546 -128.1523900277887 
-50.62778235738844 -141.86729216548574 
-50.279518867305754 -145.30252660403357 
-10.559790295306314 -154.58820772539354 
-18.88223050197143 -152.81537003973077 
-87.26429923317794 -73.8329042465427 
-37.19374216802579 -148.95634161755007 
-54.163506037208464 -135.77651141027135 
-36.26724745481539 -151.5583052954295 
-60.10043070930848 -130.88619110593496 
-72.56172839391658 -125.1148642221163 
-5.059409777078951 -154.75622127974748 
-87.05916717642894 -73.63966879402179 
-68.14128054646669 -84.09686853885864 
-67.37011120098319 -127.25329897547216 
-76.41303543565425 -78.62002928904477 
-34.63166383550413 -149.4610621293377 
-46.9053842686759 -144.94860640318316 
-53.582591127959034 -134.4109482931392 
-58.686935446794266 -130.3313929110474 
-50.103447396692424 -143.06008692287503 
-22.43319434941445 -150.58983943714358 
