-66.29001185972558 -105.81813193396178 
-63.199913542797546 -109.22879734025575 
-16.04819201597421 -152.0379272409667 
-34.63166383550413 -149.4610621293377 
-78.00074903603866 -71.66879115233561 
-63.19991954153032 -109.22878722956314 
-9.789414089156764 -154.8289599306425 
-58.203081615492295 -132.33836920670913 
-40.51995493193073 -144.748671814143 
-47.90936005767901 -137.91648610963693 
-84.19898528503643 -65.84527421345618 
-68.14128054646669 -84.09686853885864 
-77.93035796446432 -84.07875309829251 
-12.67748452481785 -153.31164394876853 
-47.43128401539957 -144.05192451704806 
-27.031525384194577 -150.4256499986039 
-62.176867624831885 -125.64382408137469 
-63.19991518185023 -109.22878954099433 
-17.49856083478387 -150.48772422104133 
-5.059409777078951 -154.75622127974748 
-76.41303543565425 -78.62002928904477 
-70.97127792718075 -82.1601481149307 
-63.197048046848394 -109.22868072792237 
-53.94874438155763 -127.95101637308066 
-44.924889242385554 -138.05692477690718 
-13.694851211924579 -149.9520196436029 
-55.7471124385016 -112.78857896412846 
-26.119433781982146 -149.88757447624474 
-32.23196386554838 -147.29392244894848 
-39.74725676245838 -144.69161010396573 
