-9.789414089156764 -154.8289599306425 
-58.203081615492295 -132.33836920670913 
-77.93035796446432 -84.07875309829251 
-12.67748452481785 -153.31164394876853 
-58.00103763187819 -133.8541347681028 
-9.557834965679088 -154.9089646447974 
-67.77836361685546 -128.1523900277887 
-50.62778235738844 -141.86729216548574 
-50.279518867305754 -145.30252660403357 
-10.559790295306314 -154.58820772539354 
-87.26429923317794 -73.8329042465427 
-36.26724745481539 -151.5583052954295 
-60.10043070930848 -130.88619110593496 
-72.56172839391658 -125.1148642221163 
-87.26444238339057 -73.83288716923538 
-45.914181493803966 -145.80659420739585 
-16.802731755743686 -153.0703682749076 
-38.605982264212514 -149.29353998178462 
-56.778705919961105 -137.90465780488523 
-33.349571431608446 -153.01877587359655 
-71.14431471167893 -127.81328962859065 
-81.52094902869271 -77.44177941674181 
-5.059409777078951 -154.75622127974748 
-87.05916717642894 -73.63966879402179 
-77.76372806689625 -78.6797298817894 
-70.13530296012499 -126.06779998144759 
-54.163506037208464 -135.77651141027135 
-46.9053842686759 -144.94860640318316 
-67.37011120098319 -127.25329897547216 
-18.88223050197143 -152.81537003973077 
