-63.41263776716899 -43.09740455659653 
-44.61426540504285 -107.3410191954867 
-63.63725631728609 -40.60786702832276 
-59.79722439549904 -105.82678951056819 
-1.6242972610595956 -153.60129257518815 
-10.287877348663127 -133.23067177772228 
-11.739503685408675 -120.383596939231 
-41.05252552318076 -108.72657004225805 
-35.772266583032334 -114.678965100196 
-62.97836496468685 -105.77010378823987 
-22.649059848981004 -116.70299431773523 
-7.139912605641779 -137.05047989619263 
-60.341780626928326 -98.81019347976387 
-4.858490734348365 -132.28771821298466 
-13.435614929021781 -114.97606069416612 
-29.194198080340104 -109.84317928766048 
-11.739443929880341 -120.38345816298614 
-49.91054000146217 -104.24406790087211 
-7.442539785187428 -126.38746203875698 
-7.276129760128736 -130.7510928214861 
-44.07243025180109 -106.22788540837433 
-46.075190037927314 -104.63546100869617 
-33.467809900319104 -108.61237580495148 
-35.07043379802659 -107.68769785436821 
-40.09288521278707 -107.18091725938841 
-40.09291694498856 -107.18087280659431 
-44.659596365106026 -104.9877076393934 
-34.87151884512448 -107.73638721822874 
-33.467822649348115 -108.61227482460706 
-35.07031471886249 -107.68776171801791 
