-66.29001185972558 -105.81813193396178 
-63.199913542797546 -109.22879734025575 
-46.492215353240915 -132.96743111419894 
-61.122300014641084 -112.43813830897977 
-16.04819201597421 -152.0379272409667 
-44.924889242385554 -138.05692477690718 
-7.246097052463156 -153.31839727889405 
-5.059409777078951 -154.75622127974748 
-41.288104809413866 -140.86962614985504 
-53.94874438155763 -127.95101637308066 
-34.63166383550413 -149.4610621293377 
-47.22766836990754 -131.45193279101179 
-76.14230245874961 -75.53721459033352 
-78.00074903603866 -71.66879115233561 
1.804510667957139 -154.7363638269492 
-70.24715297117291 -39.72206523351258 
-62.97836496468685 -105.77010378823987 
-65.91933001090516 -70.4406630410758 
-32.75129179671383 -144.28737176011282 
-22.905434780975746 -148.82714347318768 
-55.24034090562883 -109.20373190730886 
-39.270773662478035 -136.7295451218956 
-51.35732043353213 -120.44696704387312 
-6.555789015650891 -152.01369936125582 
-42.556141842454565 -129.02433065180333 
-48.10348347444925 -127.49351984996714 
-67.41545016902806 -65.34987064126517 
-13.694851211924579 -149.9520196436029 
-69.83811424323221 -42.381751065249176 
-67.42999149498644 -52.55741703124618 
