-39.29116233048079 -104.1338134650793 
-28.155648636144207 -5.957794028133236 
24.803759454718318 -97.39952648469495 
-11.557643494334748 -68.62807414347819 
146.04895269257233 -58.09534528553601 
151.41537876398107 -62.21195560150295 
149.6100273623165 -61.28936877773583 
12.35241060882971 -56.8624126078595 
154.79796559456705 -61.415187450766524 
152.15945042688753 -57.192674423142506 
153.96976583701968 -57.47685892412812 
154.0621007846514 -59.90902519429832 
13.35293893328776 -18.366510633534574 
26.868215082921274 -52.49823564216304 
126.17317560330022 -56.707296421138366 
155.20125211856768 -60.5325549421413 
25.53906864972882 8.302551893536048 
26.287463816196706 -8.004409520728956 
38.66257023898402 -34.839767611395985 
121.32008531707974 -38.21906561683522 
144.6612112932225 -47.66459818300507 
140.81664602327177 -43.65708968874256 
139.17550779475283 -38.68103840685194 
155.27254640499496 -60.22429764254045 
34.526936955670635 43.87252606439327 
52.76954979429195 -18.88878804733065 
85.71249156464552 -27.95819751460847 
128.25314381195884 -28.203130158666283 
50.941889255529645 16.816698992345493 
142.16252865649082 -39.207278875333344 
