-28.155648636144207 -5.957794028133236 
24.803759454718318 -97.39952648469495 
13.35293893328776 -18.366510633534574 
154.79796559456705 -61.415187450766524 
146.04895269257233 -58.09534528553601 
26.868215082921274 -52.49823564216304 
25.53906864972882 8.302551893536048 
26.287463816196706 -8.004409520728956 
155.20125211856768 -60.5325549421413 
152.15945042688753 -57.192674423142506 
153.96976583701968 -57.47685892412812 
144.6612112932225 -47.66459818300507 
140.81664602327177 -43.65708968874256 
139.17550779475283 -38.68103840685194 
38.66257023898402 -34.839767611395985 
155.27254640499496 -60.22429764254045 
144.78473164000374 -45.66647499049432 
147.84797828354723 -46.47865936773607 
52.76954979429195 -18.88878804733065 
85.71249156464552 -27.95819751460847 
128.25314381195884 -28.203130158666283 
41.04576934250689 53.80046957218394 
47.68482200910795 39.20778958298037 
166.76354232113027 -59.80403716168615 
42.354091874658494 63.55194555821446 
55.32524610554225 20.758196455628735 
117.10114418700506 -23.705204892093178 
98.13379189723844 -22.045793461377244 
150.67764540898202 -33.752136694695906 
48.29069034430574 41.60450687343264 
