-67.42999149498644 -52.55741703124618 
-66.29001185972558 -105.81813193396178 
-63.199913542797546 -109.22879734025575 
-69.83811424323221 -42.381751065249176 
-46.492215353240915 -132.96743111419894 
-67.42977532328166 -52.55746824863109 
-70.24715297117291 -39.72206523351258 
-61.122300014641084 -112.43813830897977 
-16.04819201597421 -152.0379272409667 
-44.924889242385554 -138.05692477690718 
-7.246097052463156 -153.31839727889405 
-5.059409777078951 -154.75622127974748 
-41.288104809413866 -140.86962614985504 
-67.41545016902806 -65.34987064126517 
-32.75129179671383 -144.28737176011282 
-53.94874438155763 -127.95101637308066 
-69.74128439383064 32.543502828063616 
1.804510667957139 -154.7363638269492 
-69.64896936636313 -38.27533002744062 
-65.91933001090516 -70.4406630410758 
-13.694851211924579 -149.9520196436029 
-26.096468119650282 -143.73846805295528 
-55.24034090562883 -109.20373190730886 
-62.97836496468685 -105.77010378823987 
-51.35732043353213 -120.44696704387312 
-48.10348347444925 -127.49351984996714 
-38.521752366905844 -131.95358639495402 
-42.556141842454565 -129.02433065180333 
-33.23600178329349 -134.83874821837182 
-6.555789015650891 -152.01369936125582 
