-66.29001185972558 -105.81813193396178 
-63.199913542797546 -109.22879734025575 
-46.492215353240915 -132.96743111419894 
-61.122300014641084 -112.43813830897977 
-16.04819201597421 -152.0379272409667 
-44.924889242385554 -138.05692477690718 
-41.288104809413866 -140.86962614985504 
-34.63166383550413 -149.4610621293377 
-76.14230245874961 -75.53721459033352 
-78.00074903603866 -71.66879115233561 
-63.19991954153032 -109.22878722956314 
-45.369658644858134 -136.7483118555625 
-9.789414089156764 -154.8289599306425 
-70.97127792718075 -82.1601481149307 
-58.203081615492295 -132.33836920670913 
-40.51995493193073 -144.748671814143 
-13.694851211924579 -149.9520196436029 
-42.89309797723152 -137.96341530250015 
-22.905434780975746 -148.82714347318768 
-32.23196386554838 -147.29392244894848 
-72.78569098926252 -74.89335765899764 
-63.14240211259159 -109.13418482307708 
-5.059409777078951 -154.75622127974748 
-7.246097052463156 -153.31839727889405 
-53.94874438155763 -127.95101637308066 
-47.22766836990754 -131.45193279101179 
-55.24034090562883 -109.20373190730886 
-39.74725676245838 -144.69161010396573 
-70.24715297117291 -39.72206523351258 
-32.75129179671383 -144.28737176011282 
