-63.41263776716899 -43.09740455659653 
-44.61426540504285 -107.3410191954867 
-63.63725631728609 -40.60786702832276 
-1.6242972610595956 -153.60129257518815 
-62.97836496468685 -105.77010378823987 
-69.64896936636313 -38.27533002744062 
-18.671952576038898 -134.4852860820115 
-62.893530745775465 -105.85248250050465 
-41.57510385058778 -122.42644739165145 
-10.460317324070196 -140.8324053827927 
-44.07243025180109 -106.22788540837433 
-13.962625516904993 -134.06090387953424 
-59.79722439549904 -105.82678951056819 
-60.341780626928326 -98.81019347976387 
-62.37126956711279 -70.43382397986153 
-41.05252552318076 -108.72657004225805 
-35.772266583032334 -114.678965100196 
-35.77079829197844 -114.67898241098126 
-23.94479356359004 -117.5544320249245 
-7.139912605641779 -137.05047989619263 
-55.46740789231835 -103.82416526952495 
17.213408027396746 -133.26261740864413 
-11.739503685408675 -120.383596939231 
-10.287877348663127 -133.23067177772228 
-10.63397483667081 -128.55689443268028 
-22.649059848981004 -116.70299431773523 
-22.69416636348364 -112.86251997768966 
-30.84543576843402 -109.97593688258355 
-46.075190037927314 -104.63546100869617 
-40.09291694498856 -107.18087280659431 
