-43.28067452019819 -97.30195550365954 
-48.16511523975999 -63.22222812783945 
-39.31770126078791 -104.13497699525593 
-35.07043379802659 -107.68769785436821 
-40.012231703904035 -96.15763613303612 
-39.31767459477578 -104.13492394197786 
-39.29116233048079 -104.1338134650793 
-30.31046179066481 -102.17917835670076 
-36.825213813823 -102.16326508163432 
-33.99726543392673 -99.50938849872789 
-34.65452441285673 -77.64884793245027 
16.02249751870435 -99.64745959727176 
-27.052370852004227 -97.34606589906332 
-26.236470396903922 -98.57962545131024 
10.854375194015152 -98.68403844902207 
-28.155648636144207 -5.957794028133236 
-32.076454884641606 19.454220269526388 
-11.557643494334748 -68.62807414347819 
-25.04319638319391 -41.675153339776024 
2.8505328201089952 -89.72162489221961 
-0.6536894338033612 -83.3880992992773 
24.803759454718318 -97.39952648469495 
11.433731394246035 -94.65596919241162 
11.589174801895535 -95.17096337070618 
-10.707492019909907 -51.895592856166175 
-23.984179961402546 -8.061216414807824 
7.431967272361202 -58.544175590464654 
24.318707439156896 -79.73332710472363 
37.841693240940955 -91.89303362486072 
-18.52719760941304 8.516143684666066 
