-39.29116233048079 -104.1338134650793 
-43.28067452019819 -97.30195550365954 
-30.31046179066481 -102.17917835670076 
-33.99726543392673 -99.50938849872789 
-28.155648636144207 -5.957794028133236 
24.803759454718318 -97.39952648469495 
-11.557643494334748 -68.62807414347819 
11.433731394246035 -94.65596919241162 
7.431967272361202 -58.544175590464654 
151.41537876398107 -62.21195560150295 
149.6100273623165 -61.28936877773583 
162.85734265322964 -62.80481948958186 
117.82067701040675 -60.00900303114682 
134.33190240673383 -60.76773246236405 
12.35241060882971 -56.8624126078595 
10.566001284762905 11.37556749101185 
154.79796559456705 -61.415187450766524 
158.38971685285793 -61.60391385196351 
146.04895269257233 -58.09534528553601 
154.0621007846514 -59.90902519429832 
151.63249601343009 -59.48795814582152 
140.48704439287255 -57.82012379546836 
13.35293893328776 -18.366510633534574 
155.20125211856768 -60.5325549421413 
26.868215082921274 -52.49823564216304 
17.42804491244999 -39.44866243287875 
121.26626538608103 -52.68029526202946 
126.17317560330022 -56.707296421138366 
152.15945042688753 -57.192674423142506 
124.09583362336966 -52.89272438717859 
