-34.63166383550413 -149.4610621293377 
-9.789414089156764 -154.8289599306425 
-58.203081615492295 -132.33836920670913 
-77.93035796446432 -84.07875309829251 
-12.67748452481785 -153.31164394876853 
-27.031525384194577 -150.4256499986039 
-70.13530296012499 -126.06779998144759 
-78.60751689845027 -75.7614158446444 
-58.686935446794266 -130.3313929110474 
-58.00103763187819 -133.8541347681028 
-9.557834965679088 -154.9089646447974 
-53.582591127959034 -134.4109482931392 
-67.77836361685546 -128.1523900277887 
-50.62778235738844 -141.86729216548574 
-50.279518867305754 -145.30252660403357 
-10.559790295306314 -154.58820772539354 
-18.88223050197143 -152.81537003973077 
-87.26429923317794 -73.8329042465427 
-5.059409777078951 -154.75622127974748 
-87.05909427114214 -73.63967940250075 
-66.6169502387439 -127.94373292777425 
-68.14128054646669 -84.09686853885864 
-40.51995493193073 -144.748671814143 
-51.249320572592936 -128.05752646612464 
-28.50377481161805 -147.58939876717764 
-16.04819201597421 -152.0379272409667 
-50.38124883170153 -131.74118590992435 
-76.41303543565425 -78.62002928904477 
-50.103447396692424 -143.06008692287503 
-26.119433781982146 -149.88757447624474 
