-77.93035796446432 -84.07875309829251 
-67.77836361685546 -128.1523900277887 
-50.62778235738844 -141.86729216548574 
-50.279518867305754 -145.30252660403357 
-72.56172839391658 -125.1148642221163 
-45.914181493803966 -145.80659420739585 
-56.778705919961105 -137.90465780488523 
-71.14431471167893 -127.81328962859065 
-81.52094902869271 -77.44177941674181 
-53.52772030797849 -139.67022203069698 
-48.39000413396152 -145.45311255236834 
-63.58698051281507 -134.61770302996123 
-45.65650499646935 -148.71028544875466 
-73.6754283911338 -85.78861042757136 
-30.46580569854414 -156.84540190863547 
-64.13302492081027 -131.92719639208616 
-87.34824210142521 -75.98424736901002 
-87.79748966872623 -72.56676117772801 
-43.52100823289213 -153.7410359734527 
-6.993241299501104 -155.93620279386357 
-87.26444238339057 -73.83288716923538 
-70.13530296012499 -126.06779998144759 
-73.79196247727708 -83.78826753409004 
-50.562381040611406 -138.28461461995985 
-67.75695329511247 -127.7495676670946 
-17.70208721063291 -153.44402500432597 
-33.349571431608446 -153.01877587359655 
-44.004153557252096 -145.73514517861273 
-47.38745038508721 -141.70735457613864 
-38.605982264212514 -149.29353998178462 
