-1.6242972610595956 -153.60129257518815 
-69.64896936636313 -38.27533002744062 
-18.671952576038898 -134.4852860820115 
-41.57510385058778 -122.42644739165145 
-10.460317324070196 -140.8324053827927 
-28.60050521093101 -126.77318442894034 
-67.42999149498644 -52.55741703124618 
-12.578580371056919 -137.7543493960934 
-66.29001185972558 -105.81813193396178 
-63.199913542797546 -109.22879734025575 
-5.881996192498757 -141.20982492771387 
-2.7763339639198072 -153.56100878964045 
-13.962625516904993 -134.06090387953424 
-35.772266583032334 -114.678965100196 
-35.77079829197844 -114.67898241098126 
-23.94479356359004 -117.5544320249245 
-28.570680320730283 -115.50567376765935 
-7.139912605641779 -137.05047989619263 
-63.41263776716899 -43.09740455659653 
-63.63725631728609 -40.60786702832276 
-44.61426540504285 -107.3410191954867 
-62.97836496468685 -105.77010378823987 
-62.893530745775465 -105.85248250050465 
-41.05252552318076 -108.72657004225805 
-4.252109907169036 -137.5453658533624 
-62.52681171552868 -65.09948847959944 
-3.330440103841184 -134.8907000357244 
-13.043214118587702 -134.02527668938077 
-62.464486502228176 -83.24882994393363 
-22.649059848981004 -116.70299431773523 
