276.4429693641118 63.95399161070711 
243.2237234779884 56.00875207679442 
256.991647610018 59.184383069589586 
267.1054625192516 33.01383335082858 
222.86016206237383 103.10292023919746 
254.05849430941083 25.74268586649802 
230.92432787552477 -1.0677643349460197 
249.13422780202737 -7.470137734808048 
233.91705263072274 100.50566086699521 
304.3906511975958 67.25525726218308 
123.163853462951 33.70316670847578 
226.89007091898142 45.187433402541274 
290.96225194068285 39.29815512080759 
245.6535612027017 26.01303997013372 
149.90880312315883 -0.8982525737237665 
236.8372448439029 45.60774568623333 
237.34507312323316 13.727618465785213 
184.42689492069235 35.11344652350306 
214.6374347324744 54.131654344723614 
203.84957207389337 26.624676240284373 
325.3928135134836 48.929671758860366 
301.1109539925261 28.518673214210537 
278.0634839592023 53.04133744342323 
173.9195942822414 81.54942902580812 
170.3558593510956 46.84751046976609 
273.88377110378286 24.242990105485603 
230.5312001430226 42.94483644834281 
212.5297948267553 85.9065456751245 
286.00215192350936 39.3935976235764 
279.41848646226344 42.66975240905305 
