-66.29001185972558 -105.81813193396178 
-63.199913542797546 -109.22879734025575 
-61.122300014641084 -112.43813830897977 
-16.04819201597421 -152.0379272409667 
-44.924889242385554 -138.05692477690718 
-41.288104809413866 -140.86962614985504 
-34.63166383550413 -149.4610621293377 
-76.14230245874961 -75.53721459033352 
-78.00074903603866 -71.66879115233561 
-63.19991954153032 -109.22878722956314 
-9.789414089156764 -154.8289599306425 
-70.97127792718075 -82.1601481149307 
-58.203081615492295 -132.33836920670913 
-40.51995493193073 -144.748671814143 
-47.90936005767901 -137.91648610963693 
-75.24040442343379 -80.25802476532019 
-84.19898528503643 -65.84527421345618 
-68.14128054646669 -84.09686853885864 
-5.059409777078951 -154.75622127974748 
-75.23711166086335 -70.99203969434623 
-63.14240211259159 -109.13418482307708 
-75.10513875626317 -75.29096449756945 
-53.94874438155763 -127.95101637308066 
-55.24034090562883 -109.20373190730886 
-22.905434780975746 -148.82714347318768 
-32.23196386554838 -147.29392244894848 
-13.694851211924579 -149.9520196436029 
-39.74725676245838 -144.69161010396573 
-7.246097052463156 -153.31839727889405 
-42.89309797723152 -137.96341530250015 
