-1.6242972610595956 -153.60129257518815 
-67.42999149498644 -52.55741703124618 
-66.29001185972558 -105.81813193396178 
-63.199913542797546 -109.22879734025575 
-2.7763339639198072 -153.56100878964045 
-1.3054612258770533 -154.6881102227882 
-69.83811424323221 -42.381751065249176 
-9.778507705498864 -150.35696760983765 
-6.555789015650891 -152.01369936125582 
-48.10348347444925 -127.49351984996714 
-4.727403561760134 -152.65142534419954 
-51.35732043353213 -120.44696704387312 
-10.873388586005028 -149.8239027828257 
-28.20642065485281 -143.10792709745976 
-64.92261021021022 -44.185657423474666 
-62.97836496468685 -105.77010378823987 
-62.893530745775465 -105.85248250050465 
0.574062572456949 -154.41775102248386 
-69.64896936636313 -38.27533002744062 
-48.10347481928905 -127.49350703178679 
-4.304642244974307 -150.11560911942806 
-2.3762572888152107 -151.17576331976136 
-6.720625985171427 -148.843147563103 
-8.488900278120152 -143.24273429697826 
-18.671952576038898 -134.4852860820115 
-10.460317324070196 -140.8324053827927 
-12.578580371056919 -137.7543493960934 
-63.63725631728609 -40.60786702832276 
-2.0830392764544 -146.2689266897265 
-62.464486502228176 -83.24882994393363 
