-48.16511523975999 -63.22222812783945 
-35.07043379802659 -107.68769785436821 
-46.075190037927314 -104.63546100869617 
-40.09288521278707 -107.18091725938841 
-34.87151884512448 -107.73638721822874 
-48.16488970786913 -63.22205204320553 
-35.070398136605874 -107.68767846316858 
-43.28067452019819 -97.30195550365954 
-42.32173065354781 -100.12614602174838 
-39.31770126078791 -104.13497699525593 
-39.31769267938884 -104.13508115705145 
-40.06340879412891 -103.70825679075884 
-34.43880960954422 -104.94396940353265 
-39.31767459477578 -104.13492394197786 
-39.31763986553713 -104.13503402697495 
-40.012231703904035 -96.15763613303612 
-34.255414291392626 -104.2539187950425 
-39.29116233048079 -104.1338134650793 
-34.09826002408251 -104.18740097935037 
-36.825213813823 -102.16326508163432 
-36.179175363848415 -102.47608026116397 
-30.31046179066481 -102.17917835670076 
-33.99726543392673 -99.50938849872789 
-34.65452441285673 -77.64884793245027 
16.02249751870435 -99.64745959727176 
-32.076454884641606 19.454220269526388 
-28.155648636144207 -5.957794028133236 
10.854375194015152 -98.68403844902207 
-27.052370852004227 -97.34606589906332 
-26.236470396903922 -98.57962545131024 
