-35.07043379802659 -107.68769785436821 
-46.075190037927314 -104.63546100869617 
-40.09288521278707 -107.18091725938841 
-34.87151884512448 -107.73638721822874 
-44.65974126181739 -104.98767221708987 
-44.07243025180109 -106.22788540837433 
-23.392640539305535 -107.99328268920165 
-40.09291694498856 -107.18087280659431 
-35.07031471886249 -107.68776171801791 
-53.161694038161414 -83.18008313959993 
-54.50885530388043 -69.474267265723 
-13.435614929021781 -114.97606069416612 
-35.070398136605874 -107.68767846316858 
-43.28067452019819 -97.30195550365954 
-42.32173065354781 -100.12614602174838 
-41.498224275042226 -104.00285308797444 
-39.31770126078791 -104.13497699525593 
-39.31769267938884 -104.13508115705145 
-38.20512105777528 -106.13322837200312 
-46.57875293871629 -75.5230598738154 
-48.16511523975999 -63.22222812783945 
-43.09737898063776 -95.36171089714794 
-42.31589520424484 -97.21936739518988 
-40.06340879412891 -103.70825679075884 
-39.31767459477578 -104.13492394197786 
-39.31763986553713 -104.13503402697495 
-34.43880960954422 -104.94396940353265 
-29.529017966795223 -105.21452442469266 
-48.16488970786913 -63.22205204320553 
-42.26610311094732 -96.08737044089028 
