-16.04819201597421 -152.0379272409667 
-34.63166383550413 -149.4610621293377 
-9.789414089156764 -154.8289599306425 
-58.203081615492295 -132.33836920670913 
-40.51995493193073 -144.748671814143 
-77.93035796446432 -84.07875309829251 
-12.67748452481785 -153.31164394876853 
-47.43128401539957 -144.05192451704806 
-27.031525384194577 -150.4256499986039 
-17.49856083478387 -150.48772422104133 
-70.13530296012499 -126.06779998144759 
-78.60751689845027 -75.7614158446444 
-58.686935446794266 -130.3313929110474 
-87.05909427114214 -73.63967940250075 
-58.00103763187819 -133.8541347681028 
-9.557834965679088 -154.9089646447974 
-66.6169502387439 -127.94373292777425 
-53.582591127959034 -134.4109482931392 
-50.103447396692424 -143.06008692287503 
-84.19898528503643 -65.84527421345618 
-5.059409777078951 -154.75622127974748 
-66.44253317583504 -105.82156450107468 
-63.54122718447488 -126.42901021379755 
-68.14128054646669 -84.09686853885864 
-76.41303543565425 -78.62002928904477 
-28.50377481161805 -147.58939876717764 
-44.924889242385554 -138.05692477690718 
-13.694851211924579 -149.9520196436029 
-50.38124883170153 -131.74118590992435 
-26.119433781982146 -149.88757447624474 
