-54.833908653386075 -7354.211869413178 
-39.24021129646867 -13834.59938006519 
44.05343359664026 -19409.665062002223 
-39.42341763061563 -11862.633555359973 
65.4911900093269 -19697.616575192627 
-80.90792369286247 -5935.08794849697 
-46.42913996954502 -9331.612472405492 
-36.59078675163249 -14058.166689713547 
-5423.670331377631 179560.6661291936 
-49.33117718257495 -8090.990410413346 
123.92214895241209 -21011.33228137844 
82.422726657197 -19792.50471708093 
-41.704235511311644 -10251.111486112975 
-150.054566066659 19326.884324331793 
-26.437508422979484 -16835.3698500456 
-32.30351170968376 -15458.322607402964 
-4991.790930273322 98612.24737343074 
-3.6586026098782973 -19316.452056365393 
-7.729723737937135 -19197.588259448363 
-27.319193316249613 -16373.642802133492 
108.4517019251315 -20082.33519122439 
183.2511585810658 -21584.660117277876 
-10.594637366648048 -18638.531994826295 
131.17552648289004 -21174.964167568014 
117.80046712873221 -20091.78304062176 
-49.81860105437758 -7428.39265898026 
61.085889556204464 -19567.51081024472 
-4131.405675807501 73767.47645998007 
-3.6586026098782973 -19316.452056365393 
-4214.80115872576 187633.5549405472 
189.22759852499638 -21516.816429965227 
-1175.9229379212468 95394.38145337015 
-79.33606792923855 -4533.966298248368 
-2933.4315737428105 161641.93845644273 
-1866.0029440801213 157163.96794113534 
-1704.7597756628063 98655.75979575465 
-1755.270012342947 137228.75986105046 
-3906.3381159030923 168775.8624068938 
-3618.801630831911 166959.7957378484 
-3618.801630831911 166959.7957378484 
111.27862153881587 -19793.509932862456 
4.7355306111963476 -19306.46498405477 
135.90553818636081 -20933.768034844936 
-24.845905148306514 -16261.482805488733 
-54.074170694779056 -6160.336023257903 
-37.77346819824105 -9933.71787192098 
-25.117668045468122 -13471.132027598069 
-35.38512399852797 -12642.11902535305 
-44.13507806894885 -7405.092874125625 
-9.796545961097788 -17701.111726429135 
-39.01340830913066 -8714.040095469645 
-43.440607708550296 -8452.648937907845 
0.8727571034004933 -17798.65164522646 
-26.38214238825568 -13050.188629304279 
-34.97290861442875 -12983.728139125542 
4.407939446559724 -18691.302747264952 
1.471133624668072 -18358.470636148657 
1.5678988363431157 -18559.92158612359 
2.0938740496853208 -18620.49248277659 
1.8409130441497894 -18609.642722645534 
