-72189.14043225796 859.4879827713083 
-58860.38577413713 472.07482875527523 
-61591.318195002175 489.7114236940843 
-84440.1402301254 1155.6306214623598 
-74402.97649546339 929.620168336003 
-94666.37381708268 1160.9667660475257 
-73445.87957380147 860.0683450344247 
-86879.38843786082 1158.3978512779097 
-75514.5325427419 1012.4213472440597 
-75929.24204374297 1072.217592766779 
-57663.80642111759 477.0593267334217 
-93287.8377467095 1464.2270209288845 
-64664.786574030644 885.1999562485904 
-72853.26578421857 935.1718804360966 
-80748.82269960371 1160.1373145564583 
-86738.8135845433 1186.932407413648 
-86737.93801255904 1163.4854086980577 
-73219.36859971832 1114.477619561306 
-75688.90992807984 1124.7799225734486 
-55514.88636293428 761.5414500089742 
-53848.55448549557 594.6296798818008 
-55642.91606421087 803.1076254883807 
-65238.108722353005 1031.3494631530073 
-71023.77522075825 1104.4468332973306 
-67974.3593283782 1078.1672963052804 
-69788.64466018321 1079.604470174983 
-63135.93481544974 1025.0587815572171 
-58806.076025989845 1021.651556700468 
-57707.29452878251 1002.295909151846 
-58806.076025989845 1021.651556700468 
-84199.77545972847 1170.4740667236672 
-85482.63826942937 1177.2497898442434 
-74652.60085087288 1132.5883537890506 
-75595.35908337298 1158.5579125473196 
-72530.41609205047 1132.4010866174442 
-72530.41609205047 1132.4010866174442 
-52858.566621317324 645.501043611163 
-53000.02253920439 719.9101130771539 
-55584.690561462536 963.6820174163281 
-64878.770456322825 1047.3137521515853 
-65197.026589086054 1069.2401072582666 
-69926.33330219876 1127.2503738114233 
-68211.30848431356 1113.0745853383287 
-58943.83409641626 1027.0431327818048 
-81519.65546082956 1173.8742586742069 
-84280.97765195125 1296.2141990218456 
-51200.1252171411 659.2196824395763 
-55161.359873451904 1005.7380708564061 
-52603.051919307196 963.8718076246046 
-62922.522446481824 1063.2346692732133 
-69491.46689970844 1171.7946134711456 
-65957.22190718725 1116.9531152811044 
-66771.4694673563 1127.1896048719784 
-67193.15034191727 1130.3545140603862 
-56344.744615943906 1043.323580417478 
-76797.05565507109 1177.7573888021632 
-81252.41117571536 1223.6628584699406 
-79415.41424139128 1193.5330401364356 
-80137.0330766542 1222.7662907461074 
-50780.936542553136 741.1473065571956 
-50402.44720867277 672.6588874742373 
-62458.95082684677 1068.1281501106148 
-65229.050034320455 1122.9878947876389 
-62698.24977627198 1119.957081124916 
-54030.20997953979 1054.024129254136 
-54428.153630368746 1057.3152105810268 
-74137.37669205008 1186.1720650135337 
-79253.30815852055 1331.1155034459139 
-50524.90391280601 998.6019401692967 
-49777.219372773296 740.7363454574613 
-49372.17156787461 689.0941046994215 
-59928.52179978985 1087.9686804165076 
-65135.00663967953 1185.8360218602695 
-64008.999122927096 1144.0716808500547 
-60655.05609123901 1132.05561220767 
-54113.92184160231 1077.1468602430855 
-71890.71090908362 1227.611561612899 
-65262.020543084815 1208.4371497155728 
-73502.74694069434 1300.4484672328144 
-74485.22834886373 1403.0311965613623 
-74410.33826814417 1401.8496977822522 
-49414.0914275959 747.8818859767516 
-48710.862114994154 692.5637916402652 
-55097.899949819905 1097.5735985985666 
-55833.21141158205 1124.607703416124 
-63276.8968688213 1197.3223067099184 
-56445.74264443889 1141.11201616113 
-60039.741488108266 1151.756679743617 
-57270.04500135466 1147.729604374548 
-71443.85363106543 1229.0028778816777 
-73827.51325770878 1409.5046199148321 
-48389.23449208948 713.988085810468 
-68219.5522321909 1273.8370681190745 
-51614.59606444608 1106.3130038379632 
-60822.64358128207 1269.1860788997915 
-59056.787902783086 1221.4927781255174 
-56459.938367085066 1149.0005068677708 
-59007.66474750633 1162.7649262669136 
-54094.45037648484 1128.7131621221372 
-54363.14507591108 1136.2478850801167 
