-51200.1252171411 659.2196824395763 
-80748.82269960371 1160.1373145564583 
-72189.14043225796 859.4879827713083 
-73219.36859971832 1114.477619561306 
-93287.8377467095 1464.2270209288845 
-84199.77545972847 1170.4740667236672 
-49777.219372773296 740.7363454574613 
-49372.17156787461 689.0941046994215 
-50780.936542553136 741.1473065571956 
-64664.786574030644 885.1999562485904 
-64878.770456322825 1047.3137521515853 
-72530.41609205047 1132.4010866174442 
-67193.15034191727 1130.3545140603862 
-65957.22190718725 1116.9531152811044 
-46001.10957024148 816.016838887258 
-46001.10957024148 816.016838887258 
-63135.93481544974 1025.0587815572171 
-58806.076025989845 1021.651556700468 
-55584.690561462536 963.6820174163281 
-66846.09495049105 1573.4073871189905 
-65262.020543084815 1208.4371497155728 
-35949.63568245335 827.3053669551214 
-45370.899301390535 837.967214907296 
-58943.83409641626 1027.0431327818048 
-62458.95082684677 1068.1281501106148 
-55161.359873451904 1005.7380708564061 
-52603.051919307196 963.8718076246046 
-63804.08952590824 1579.529528359584 
-43756.03582040088 882.0369820278461 
-56344.744615943906 1043.323580417478 
-61351.339150378735 1331.7871538719717 
-59928.52179978985 1087.9686804165076 
-60655.05609123901 1132.05561220767 
-62535.5420149416 1581.7629211111707 
-39331.7867727744 889.2866049402282 
-41590.723917009345 1033.2287543372122 
-54030.20997953979 1054.024129254136 
-54113.92184160231 1077.1468602430855 
-55097.899949819905 1097.5735985985666 
-59056.787902783086 1221.4927781255174 
-56445.74264443889 1141.11201616113 
-58130.924968487685 1199.7793628325328 
-56459.938367085066 1149.0005068677708 
-34438.32863802011 986.2512755062276 
-40915.49508182525 1050.4685437085727 
-34612.84823857176 1036.3935486309 
-48517.06282825412 1107.6231412334735 
-49528.51204162024 1113.7607655882775 
-51367.467230935414 1118.5311479771476 
-58562.64669227562 1380.7407050911354 
-58950.773740056015 1430.1256965118168 
-57257.48272059634 1226.7465863963355 
-58092.46779391304 1226.8256146163553 
-40052.70313202115 1075.1752415887925 
-50588.98785278892 1226.0811849207687 
-47008.08476228535 1163.6480525507511 
-58857.00507844683 1430.6204071004302 
-57920.623050984555 1235.0907972525647 
-39744.80221780703 1154.794090929432 
-34688.9102320267 1083.3247783823801 
-42288.233599522944 1194.6014312613943 
-58437.43311659074 1663.186326668558 
-55584.258413985015 1236.1717251568432 
-56392.72929837473 1237.7043904910834 
-56285.368217633775 1237.1512673998761 
-57184.814799754175 1305.6214685045504 
-47076.72701404453 1236.0658341256799 
-30841.126849495646 1169.1369146864326 
-33508.53092082136 1185.3827151470075 
-41885.37548241356 1197.9596531788961 
-41894.05518486662 1202.0746885017004 
-54573.32642706576 1274.3178566937559 
-51004.28287749897 1258.615005185919 
-52087.414430488025 1266.7110963435905 
-48692.39677242155 1242.0699914188556 
-56477.540445300096 1429.023812659764 
-57130.336857725044 1449.9744688114938 
-55347.085848447605 1363.815442538522 
-55581.087414029105 1374.3375767610587 
-28849.958880093145 1180.8073879711383 
-40678.903302532715 1211.164648932388 
-53277.15152876194 1310.4405114394522 
-52743.21569158899 1295.484814047253 
-50928.68003195417 1284.063380072704 
-46020.56275837309 1242.2460045219486 
-48402.5025749489 1242.8978365723938 
-56434.31707333166 1442.8414673695543 
-55472.55369806777 1396.2899198258215 
-25452.873322588468 1187.2362015872613 
-56129.107383051996 1503.428695650645 
-52455.166073844026 1312.7078466176768 
-52547.308022423356 1443.6617105414982 
-32836.78249328809 1211.783707897181 
-48094.89426552935 1288.486330214941 
-25490.647699542 1194.8349346177893 
-35910.091699186465 1240.8486250614478 
-55195.7108650043 1457.0246843596678 
-46333.4179512427 1260.5408116546446 
-38944.51425163824 1245.9018418788999 
-42660.68041494282 1250.3104211744699 
