-90169.80412424481 848.1328031928917 
-64073.12146973561 737.7811054805433 
-100254.84800070146 1140.9381839422447 
-80814.10809710814 776.694882252546 
-63120.229265233516 366.1229726793152 
-95457.32506748689 1047.6599999999994 
-83059.57665949811 796.9325290617253 
-98521.31523444093 1134.2731246076298 
-90584.16575564392 869.0784477434989 
-98724.82109302052 1162.293579576988 
-70825.20776116553 781.1288619143094 
-65771.73710167065 779.7018445756664 
-61591.318195002175 489.7114236940843 
-61076.23117462688 454.06833451271024 
-94643.16082584565 1105.4215016206056 
-92792.38989544 1082.4228031710918 
-79576.68853039616 807.6841698243239 
-94666.37381708268 1160.9667660475257 
-89638.17416786205 953.4772640642392 
-89587.89433749024 925.8533523901154 
-83770.77602350309 897.6008845024504 
-90144.98756501105 1038.743606301431 
-95518.23118252608 1266.9970749927734 
-63760.80500616995 797.518403805038 
-58860.38577413713 472.07482875527523 
-92972.4618792906 1129.7745690186146 
-92593.00491709787 1127.1292901161596 
-92394.66899808016 1091.9169350684506 
-69024.88073858153 807.8654779690193 
-76643.25380518229 857.5395658463343 
-73413.63519065264 851.3966583715028 
-72149.710264493 826.0862138019754 
-77509.36070401757 864.4088548351635 
-94088.53047166596 1163.088239509548 
-94567.25526760373 1187.7827091468828 
-87082.9280156458 930.1192095820181 
-87780.20628845732 996.5833840260052 
-82637.41182360801 913.9532254568273 
-81920.14778903505 908.6099447992294 
-89039.61128110108 1057.2610333483503 
-88650.00424308948 1051.8778530963393 
-57663.80642111759 477.0593267334217 
-90233.10429904031 1121.3060365684312 
-73445.87957380147 860.0683450344247 
-72189.14043225796 859.4879827713083 
-64243.84283547502 843.0882411480022 
-77156.31497550389 896.8839588886651 
-73882.49424510001 879.9213858500784 
-75297.39229464594 882.2260881103077 
-92805.82155697815 1195.465638347675 
-93287.8377467095 1464.2270209288845 
-86668.03704802535 977.7778650691572 
-80111.44429724681 911.221954420985 
-80829.42182250127 921.2870779557124 
-88149.84005642185 1056.1999999999991 
-55514.88636293428 761.5414500089742 
-55642.91606421087 803.1076254883807 
-55257.977779170375 538.823332651043 
-89330.47055101156 1126.9754135352962 
-72777.14354607525 861.287624420818 
-76039.09595219401 908.3226876608363 
-91841.07784153488 1474.2565751371153 
-83336.93928520786 982.3787688657494 
-83868.2119778122 1028.5530621658606 
-77965.70609775594 936.1778146426028 
-76545.40534384694 930.1729034258123 
-80058.37547250332 963.7165075208393 
-84529.66788064608 1056.353471119894 
-87970.9806881898 1094.0122945969329 
-86387.82651411448 1092.8592708295816 
-85042.42384725301 1056.499932025335 
-85291.30242109102 1066.9941808758629 
-54991.39957205655 571.996818074226 
-88904.63635855641 1127.4844185373101 
-66730.50973108773 904.805925036611 
-66532.45426997376 864.4570687513462 
-74216.08766621775 915.0500884755609 
-74402.97649546339 929.620168336003 
-70513.43878622286 908.6911089013939 
-81011.45053814551 998.293361944033 
-76100.79592877353 937.559942871646 
-75186.18169130402 935.4350271073934 
-79237.01150906255 994.0090208386762 
-76212.61793257955 986.0986824218261 
-86458.8547456793 1118.7676285759596 
-82852.88670812975 1058.7388115566584 
-82981.55440452797 1073.6414976421488 
-83147.89758696486 1102.6338938254287 
-83663.77236213791 1116.0028340801443 
-53848.55448549557 594.6296798818008 
-88746.80868327667 1151.4908738032793 
-64664.786574030644 885.1999562485904 
-54043.68691226306 595.2965263644174 
-80245.78850022348 1011.4105953107182 
-82340.0481406395 1130.3199999999993 
-68694.25830468546 908.9114974826128 
-73867.15058883616 919.2617490731933 
-77193.48269221367 997.7395299532118 
-84752.8484439425 1132.8462858242412 
-65228.29821477451 892.079575920039 
