-100254.84800070146 1140.9381839422447 
-63120.229265233516 366.1229726793152 
-67882.57076598694 724.1085600165361 
-100090.07490060752 1136.565031970239 
-93228.6072166424 739.1641664143717 
-99756.88114341715 1053.7468575790779 
-94721.29640691777 926.3723916738834 
-94236.34001467023 824.4768077769832 
-63821.03573083471 398.0407537095966 
-97841.746260788 1046.0905670815162 
-101939.66326128761 1142.1359074951458 
-64073.12146973561 737.7811054805433 
-77049.07720431495 739.774974096166 
-82746.70066904313 745.83658319091 
-83486.29895043693 770.934580727467 
-65130.27147631948 739.5263124751199 
-98521.31523444093 1134.2731246076298 
-90169.80412424481 848.1328031928917 
-90584.16575564392 869.0784477434989 
-86800.55129394653 844.6049230464469 
-93528.24227282844 928.9765278864152 
-91083.13551851276 921.2842249547575 
-61591.318195002175 489.7114236940843 
-61076.23117462688 454.06833451271024 
-96098.78752532195 1046.9719635250021 
-98724.82109302052 1162.293579576988 
-99897.10443112426 1278.0008211072409 
-76246.8695185182 743.5260747838772 
-83059.57665949811 796.9325290617253 
-80814.10809710814 776.694882252546 
-98392.45139153315 1141.9394298734035 
-89007.50511448845 895.398250733846 
-93435.01602374006 957.8293627717311 
-91570.56467902183 944.8978154298956 
-89587.89433749024 925.8533523901154 
-89587.89433749024 925.8533523901154 
-58860.38577413713 472.07482875527523 
-60910.52224439374 501.8299914633992 
-95457.32506748689 1047.6599999999994 
-95824.0741206371 1140.781327197178 
-81246.86197664625 868.7282166245684 
-70825.20776116553 781.1288619143094 
-65771.73710167065 779.7018445756664 
-80523.34403283925 797.0885844947422 
-77475.8754597795 791.316656669102 
-80772.14447109084 801.3759199330744 
-83770.77602350309 897.6008845024504 
-88716.99849310941 898.311655934418 
-92977.00783068631 958.224598378723 
-89638.17416786205 953.4772640642392 
-57663.80642111759 477.0593267334217 
-94643.16082584565 1105.4215016206056 
-94177.67433525147 1053.3999999999994 
-94666.37381708268 1160.9667660475257 
-95518.23118252608 1266.9970749927734 
-63760.80500616995 797.518403805038 
-79576.68853039616 807.6841698243239 
-67168.08975877911 804.2360640071078 
-87082.9280156458 930.1192095820181 
-82637.41182360801 913.9532254568273 
-81920.14778903505 908.6099447992294 
-84355.33960667829 917.5481405584043 
-81333.74381301946 902.9578303174076 
-92792.3294457031 1040.1274986937744 
-92568.45507126811 1025.2329737873467 
-89800.8028599076 993.8980093681993 
-56234.941312974086 491.36473309625165 
-56036.29361548308 478.34762259616434 
-94204.16622695663 1144.7881008367106 
-92792.38989544 1082.4228031710918 
-93287.62192051637 1103.4309138139263 
-94567.25526760373 1187.7827091468828 
-69024.88073858153 807.8654779690193 
-76643.25380518229 857.5395658463343 
-73413.63519065264 851.3966583715028 
-72149.710264493 826.0862138019754 
-77509.36070401757 864.4088548351635 
-86668.03704802535 977.7778650691572 
-85618.56135890054 951.8837494484252 
-82297.04137227406 938.6928264109869 
-84012.56807333177 951.5455524111176 
-80111.44429724681 911.221954420985 
-80829.42182250127 921.2870779557124 
-78707.01884524793 909.294737522959 
-90144.98756501105 1038.743606301431 
-89857.84623341053 1037.80291051426 
-90768.1724088443 1046.434650938125 
-87780.20628845732 996.5833840260052 
-55514.88636293428 761.5414500089742 
-55257.977779170375 538.823332651043 
-55149.26649633949 537.8715987180303 
-55642.91606421087 803.1076254883807 
-94088.53047166596 1163.088239509548 
-92394.66899808016 1091.9169350684506 
-92972.4618792906 1129.7745690186146 
-92593.00491709787 1127.1292901161596 
-54991.39957205655 571.996818074226 
-93287.8377467095 1464.2270209288845 
-64243.84283547502 843.0882411480022 
-92805.82155697815 1195.465638347675 
