-51200.1252171411 659.2196824395763 
-72530.41609205047 1132.4010866174442 
-80748.82269960371 1160.1373145564583 
-72189.14043225796 859.4879827713083 
-49777.219372773296 740.7363454574613 
-49372.17156787461 689.0941046994215 
-67193.15034191727 1130.3545140603862 
-55161.359873451904 1005.7380708564061 
-63135.93481544974 1025.0587815572171 
-46001.10957024148 816.016838887258 
-46001.10957024148 816.016838887258 
-66846.09495049105 1573.4073871189905 
-58943.83409641626 1027.0431327818048 
-61351.339150378735 1331.7871538719717 
-59928.52179978985 1087.9686804165076 
-56344.744615943906 1043.323580417478 
-59056.787902783086 1221.4927781255174 
-56445.74264443889 1141.11201616113 
-40915.49508182525 1050.4685437085727 
-55097.899949819905 1097.5735985985666 
-54030.20997953979 1054.024129254136 
-54113.92184160231 1077.1468602430855 
-58562.64669227562 1380.7407050911354 
-58857.00507844683 1430.6204071004302 
-57257.48272059634 1226.7465863963355 
-48517.06282825412 1107.6231412334735 
-49528.51204162024 1113.7607655882775 
-51367.467230935414 1118.5311479771476 
-55584.258413985015 1236.1717251568432 
-56392.72929837473 1237.7043904910834 
-56477.540445300096 1429.023812659764 
-57130.336857725044 1449.9744688114938 
-39744.80221780703 1154.794090929432 
-50588.98785278892 1226.0811849207687 
-47008.08476228535 1163.6480525507511 
-55347.085848447605 1363.815442538522 
-54573.32642706576 1274.3178566937559 
-51004.28287749897 1258.615005185919 
-52087.414430488025 1266.7110963435905 
-48692.39677242155 1242.0699914188556 
-30841.126849495646 1169.1369146864326 
-42288.233599522944 1194.6014312613943 
-33508.53092082136 1185.3827151470075 
-55195.7108650043 1457.0246843596678 
-53277.15152876194 1310.4405114394522 
-52743.21569158899 1295.484814047253 
-46020.56275837309 1242.2460045219486 
-48402.5025749489 1242.8978365723938 
-28849.958880093145 1180.8073879711383 
-41885.37548241356 1197.9596531788961 
-54802.139438836224 1596.694649084065 
-55067.07568658604 1611.1171280100107 
-53681.761642705336 1467.09848572016 
-50725.88023507922 1322.2113087913733 
-52360.047766341835 1325.2878726230165 
-46333.4179512427 1260.5408116546446 
-48094.89426552935 1288.486330214941 
-42660.68041494282 1250.3104211744699 
-25490.647699542 1194.8349346177893 
-25452.873322588468 1187.2362015872613 
-40678.903302532715 1211.164648932388 
-52034.71480072388 1501.895644354373 
-49983.111974615975 1344.3889000706765 
-52020.995154250646 1441.3796133452386 
-43123.22807651857 1265.9816392543762 
-46258.351532621775 1308.3704731408761 
-46080.87843695684 1304.0275069336772 
-35910.091699186465 1240.8486250614478 
-29291.188417925816 1231.106890751358 
-32651.13511315836 1232.304400238676 
-25753.819228443874 1230.6247049195435 
-49375.89255284016 1356.9417059899993 
-50949.638998876326 1562.8860612578428 
-49678.54067343887 1508.3154356146301 
-51498.53378091429 1738.3620685120472 
-40093.74753081753 1276.071508707018 
-41044.66731572554 1278.9726794174585 
-42457.98756842249 1333.1481167315771 
-31021.733598654922 1244.6771453546894 
-46926.43010745058 1379.9576335656309 
-43111.22470434199 1371.0217048496172 
-42786.80489188182 1364.6981102348516 
-46111.56238287818 1379.7086125368407 
-49614.659440227486 1638.4942796397836 
-47982.748373639166 1599.1325507757686 
-50290.37341915136 1803.6160834611226 
-33446.665261480965 1278.4509403491902 
-38667.06525186069 1328.7112152610857 
-38216.81388430831 1287.6330653446241 
-39233.302963328926 1333.3561707981785 
-27427.618240687232 1257.953944079161 
-46756.90656229594 1442.1156117798316 
-41741.655727335026 1417.3367037542675 
-40126.158204035855 1396.4175354186016 
-45604.0284839182 1432.881861098792 
-48793.7193337949 1710.6437088241735 
-47336.69031296902 1639.5141061583379 
-24792.475413051707 1281.6464504108383 
-46603.71916534323 2395.990200313719 
-46374.91617464513 1732.991351707255 
