-100254.84800070146 1140.9381839422447 
-63120.229265233516 366.1229726793152 
-67882.57076598694 724.1085600165361 
-96098.78752532195 1046.9719635250021 
-100090.07490060752 1136.565031970239 
-93228.6072166424 739.1641664143717 
-99756.88114341715 1053.7468575790779 
-94721.29640691777 926.3723916738834 
-61591.318195002175 489.7114236940843 
-61076.23117462688 454.06833451271024 
-64073.12146973561 737.7811054805433 
-95457.32506748689 1047.6599999999994 
-90169.80412424481 848.1328031928917 
-83059.57665949811 796.9325290617253 
-90584.16575564392 869.0784477434989 
-77049.07720431495 739.774974096166 
-82746.70066904313 745.83658319091 
-86800.55129394653 844.6049230464469 
-98521.31523444093 1134.2731246076298 
-98724.82109302052 1162.293579576988 
-93528.24227282844 928.9765278864152 
-58860.38577413713 472.07482875527523 
-60910.52224439374 501.8299914633992 
-94643.16082584565 1105.4215016206056 
-89587.89433749024 925.8533523901154 
-89587.89433749024 925.8533523901154 
-89007.50511448845 895.398250733846 
-80814.10809710814 776.694882252546 
-94666.37381708268 1160.9667660475257 
-95518.23118252608 1266.9970749927734 
-89638.17416786205 953.4772640642392 
-93435.01602374006 957.8293627717311 
-57663.80642111759 477.0593267334217 
-83770.77602350309 897.6008845024504 
-88716.99849310941 898.311655934418 
-70825.20776116553 781.1288619143094 
-65771.73710167065 779.7018445756664 
-80523.34403283925 797.0885844947422 
-77475.8754597795 791.316656669102 
-94088.53047166596 1163.088239509548 
-94567.25526760373 1187.7827091468828 
-92792.38989544 1082.4228031710918 
-90144.98756501105 1038.743606301431 
-89857.84623341053 1037.80291051426 
-93287.62192051637 1103.4309138139263 
-90768.1724088443 1046.434650938125 
-55514.88636293428 761.5414500089742 
-55257.977779170375 538.823332651043 
-55149.26649633949 537.8715987180303 
-87082.9280156458 930.1192095820181 
-87780.20628845732 996.5833840260052 
-82637.41182360801 913.9532254568273 
-81920.14778903505 908.6099447992294 
-84355.33960667829 917.5481405584043 
-79576.68853039616 807.6841698243239 
-63760.80500616995 797.518403805038 
-93287.8377467095 1464.2270209288845 
-92394.66899808016 1091.9169350684506 
-92972.4618792906 1129.7745690186146 
-92593.00491709787 1127.1292901161596 
-89039.61128110108 1057.2610333483503 
-88650.00424308948 1051.8778530963393 
-54991.39957205655 571.996818074226 
-86668.03704802535 977.7778650691572 
-85618.56135890054 951.8837494484252 
-80111.44429724681 911.221954420985 
-80829.42182250127 921.2870779557124 
-82297.04137227406 938.6928264109869 
-69024.88073858153 807.8654779690193 
-76643.25380518229 857.5395658463343 
-73413.63519065264 851.3966583715028 
-72149.710264493 826.0862138019754 
-77509.36070401757 864.4088548351635 
-55642.91606421087 803.1076254883807 
-90233.10429904031 1121.3060365684312 
-92805.82155697815 1195.465638347675 
-88149.84005642185 1056.1999999999991 
-53848.55448549557 594.6296798818008 
-54043.68691226306 595.2965263644174 
-83869.15089661459 970.548130819261 
-77965.70609775594 936.1778146426028 
-80058.37547250332 963.7165075208393 
-73445.87957380147 860.0683450344247 
-72189.14043225796 859.4879827713083 
-64243.84283547502 843.0882411480022 
-77156.31497550389 896.8839588886651 
-73882.49424510001 879.9213858500784 
-75297.39229464594 882.2260881103077 
-76801.4092853954 891.9099773850448 
-89330.47055101156 1126.9754135352962 
-91841.07784153488 1474.2565751371153 
-84529.66788064608 1056.353471119894 
-87970.9806881898 1094.0122945969329 
-86387.82651411448 1092.8592708295816 
-85042.42384725301 1056.499932025335 
-85291.30242109102 1066.9941808758629 
-52576.25143389373 678.2703144190157 
-88904.63635855641 1127.4844185373101 
-60546.21987974139 851.908039491097 
-72777.14354607525 861.287624420818 
