-72189.14043225796 859.4879827713083 
-58860.38577413713 472.07482875527523 
-74652.60085087288 1132.5883537890506 
-61591.318195002175 489.7114236940843 
-84440.1402301254 1155.6306214623598 
-74402.97649546339 929.620168336003 
-94666.37381708268 1160.9667660475257 
-64664.786574030644 885.1999562485904 
-57663.80642111759 477.0593267334217 
-80748.82269960371 1160.1373145564583 
-75595.35908337298 1158.5579125473196 
-73219.36859971832 1114.477619561306 
-65238.108722353005 1031.3494631530073 
-71023.77522075825 1104.4468332973306 
-67974.3593283782 1078.1672963052804 
-69788.64466018321 1079.604470174983 
-93287.8377467095 1464.2270209288845 
-86738.8135845433 1186.932407413648 
-86737.93801255904 1163.4854086980577 
-63135.93481544974 1025.0587815572171 
-58806.076025989845 1021.651556700468 
-57707.29452878251 1002.295909151846 
-58806.076025989845 1021.651556700468 
-55514.88636293428 761.5414500089742 
-55584.690561462536 963.6820174163281 
-53848.55448549557 594.6296798818008 
-72530.41609205047 1132.4010866174442 
-72530.41609205047 1132.4010866174442 
-64878.770456322825 1047.3137521515853 
-65197.026589086054 1069.2401072582666 
-69926.33330219876 1127.2503738114233 
-65957.22190718725 1116.9531152811044 
-66771.4694673563 1127.1896048719784 
-84199.77545972847 1170.4740667236672 
-84280.97765195125 1296.2141990218456 
-58943.83409641626 1027.0431327818048 
-55161.359873451904 1005.7380708564061 
-52858.566621317324 645.501043611163 
-53000.02253920439 719.9101130771539 
-62922.522446481824 1063.2346692732133 
-67193.15034191727 1130.3545140603862 
-65229.050034320455 1122.9878947876389 
-81519.65546082956 1173.8742586742069 
-69491.46689970844 1171.7946134711456 
-56344.744615943906 1043.323580417478 
-51200.1252171411 659.2196824395763 
-52603.051919307196 963.8718076246046 
-62458.95082684677 1068.1281501106148 
-62698.24977627198 1119.957081124916 
-79253.30815852055 1331.1155034459139 
-76797.05565507109 1177.7573888021632 
-54030.20997953979 1054.024129254136 
-54428.153630368746 1057.3152105810268 
-49777.219372773296 740.7363454574613 
-49372.17156787461 689.0941046994215 
-50780.936542553136 741.1473065571956 
-59928.52179978985 1087.9686804165076 
-60655.05609123901 1132.05561220767 
-65135.00663967953 1185.8360218602695 
-74485.22834886373 1403.0311965613623 
-74410.33826814417 1401.8496977822522 
-74137.37669205008 1186.1720650135337 
-54113.92184160231 1077.1468602430855 
-48710.862114994154 692.5637916402652 
-49414.0914275959 747.8818859767516 
-50524.90391280601 998.6019401692967 
-55097.899949819905 1097.5735985985666 
-55833.21141158205 1124.607703416124 
-56445.74264443889 1141.11201616113 
-56459.938367085066 1149.0005068677708 
-60039.741488108266 1151.756679743617 
-71890.71090908362 1227.611561612899 
-65262.020543084815 1208.4371497155728 
-73827.51325770878 1409.5046199148321 
-73502.74694069434 1300.4484672328144 
-63276.8968688213 1197.3223067099184 
-48389.23449208948 713.988085810468 
-49528.51204162024 1113.7607655882775 
-51367.467230935414 1118.5311479771476 
-48517.06282825412 1107.6231412334735 
-54363.14507591108 1136.2478850801167 
-54094.45037648484 1128.7131621221372 
-59007.66474750633 1162.7649262669136 
-68219.5522321909 1273.8370681190745 
-60822.64358128207 1269.1860788997915 
-59056.787902783086 1221.4927781255174 
-45074.23367347545 770.3750940877574 
-47391.33255108523 809.5637363971964 
-46124.68109814792 775.806083390539 
-58130.924968487685 1199.7793628325328 
-52804.353846470694 1163.4404340948329 
-57011.64860390747 1180.5766937018727 
-58285.239327472096 1215.7855988070723 
-67187.84389229117 1278.866020100978 
-45867.95175275157 790.6452091175697 
-66846.09495049105 1573.4073871189905 
-66700.24953085219 1279.0873186954786 
-47008.08476228535 1163.6480525507511 
-56820.22538811315 1191.1226262541009 
-58092.46779391304 1226.8256146163553 
