-61591.318195002175 489.7114236940843 
-92972.4618792906 1129.7745690186146 
-61076.23117462688 454.06833451271024 
-90169.80412424481 848.1328031928917 
-64073.12146973561 737.7811054805433 
-100254.84800070146 1140.9381839422447 
-79576.68853039616 807.6841698243239 
-58860.38577413713 472.07482875527523 
-82637.41182360801 913.9532254568273 
-89638.17416786205 953.4772640642392 
-80111.44429724681 911.221954420985 
-89587.89433749024 925.8533523901154 
-94666.37381708268 1160.9667660475257 
-98724.82109302052 1162.293579576988 
-69024.88073858153 807.8654779690193 
-77156.31497550389 896.8839588886651 
-76643.25380518229 857.5395658463343 
-73413.63519065264 851.3966583715028 
-57663.80642111759 477.0593267334217 
-80829.42182250127 921.2870779557124 
-87082.9280156458 930.1192095820181 
-89039.61128110108 1057.2610333483503 
-88650.00424308948 1051.8778530963393 
-94088.53047166596 1163.088239509548 
-64243.84283547502 843.0882411480022 
-73445.87957380147 860.0683450344247 
-73882.49424510001 879.9213858500784 
-74216.08766621775 915.0500884755609 
-72189.14043225796 859.4879827713083 
-55514.88636293428 761.5414500089742 
-55642.91606421087 803.1076254883807 
-55257.977779170375 538.823332651043 
-74402.97649546339 929.620168336003 
-77965.70609775594 936.1778146426028 
-76545.40534384694 930.1729034258123 
-80058.37547250332 963.7165075208393 
-86668.03704802535 977.7778650691572 
-88149.84005642185 1056.1999999999991 
-93287.8377467095 1464.2270209288845 
-92805.82155697815 1195.465638347675 
-72777.14354607525 861.287624420818 
-54991.39957205655 571.996818074226 
-72853.26578421857 935.1718804360966 
-76100.79592877353 937.559942871646 
-75186.18169130402 935.4350271073934 
-83336.93928520786 982.3787688657494 
-83868.2119778122 1028.5530621658606 
-84529.66788064608 1056.353471119894 
-87970.9806881898 1094.0122945969329 
-86387.82651411448 1092.8592708295816 
-85042.42384725301 1056.499932025335 
-91841.07784153488 1474.2565751371153 
-64664.786574030644 885.1999562485904 
-68694.25830468546 908.9114974826128 
-66730.50973108773 904.805925036611 
-65228.29821477451 892.079575920039 
-53848.55448549557 594.6296798818008 
-54043.68691226306 595.2965263644174 
-76079.36925596446 968.267888369775 
-76079.36925596446 968.267888369775 
-75366.92606803628 943.8328707642501 
-79237.01150906255 994.0090208386762 
-76212.61793257955 986.0986824218261 
-81011.45053814551 998.293361944033 
-87431.02785821308 1449.1052962659867 
-87240.66225573813 1145.1968922469991 
-82981.55440452797 1073.6414976421488 
-83147.89758696486 1102.6338938254287 
-84752.8484439425 1132.8462858242412 
-67933.64732702875 943.309663251993 
-64588.74707030779 899.3319990076086 
-64983.17912534648 927.5909905406588 
-53355.40612093441 614.2134654015666 
-74396.98435691431 945.3438704571744 
-75029.8251708886 992.2833228451118 
-80245.78850022348 1011.4105953107182 
-86879.38843786082 1158.3978512779097 
-86910.4637803949 1167.4925694521726 
-82340.0481406395 1130.3199999999993 
-84440.1402301254 1155.6306214623598 
-84249.74301637082 1149.1320999751574 
-61469.694973450125 917.2089941647611 
-52667.45038097063 625.3748544828999 
-53000.02253920439 719.9101130771539 
-67561.590063964 959.5112945660226 
-71119.13781371918 988.9691075231933 
-70653.06140850627 969.7533405911388 
-80092.56949320316 1028.3825101743803 
-75514.5325427419 1012.4213472440597 
-86737.93801255904 1163.4854086980577 
-86738.8135845433 1186.932407413648 
-86738.8135845433 1186.932407413648 
-86738.8135845433 1186.932407413648 
-86880.9001648122 1242.1925076074062 
-81121.62866297191 1131.7685133153109 
-83669.34400353316 1156.3007709338997 
-61171.09957734491 928.6322486580285 
-83895.10439756626 1232.8900447064375 
-52060.13507002833 1004.060118304896 
-79964.21452449079 1124.9756529215215 
