-72189.14043225796 859.4879827713083 
-58860.38577413713 472.07482875527523 
-61591.318195002175 489.7114236940843 
-94666.37381708268 1160.9667660475257 
-73445.87957380147 860.0683450344247 
-86879.38843786082 1158.3978512779097 
-84529.66788064608 1056.353471119894 
-82637.41182360801 913.9532254568273 
-57663.80642111759 477.0593267334217 
-93287.8377467095 1464.2270209288845 
-87431.02785821308 1449.1052962659867 
-64664.786574030644 885.1999562485904 
-68694.25830468546 908.9114974826128 
-66730.50973108773 904.805925036611 
-86738.8135845433 1186.932407413648 
-86737.93801255904 1163.4854086980577 
-84440.1402301254 1155.6306214623598 
-82981.55440452797 1073.6414976421488 
-84249.74301637082 1149.1320999751574 
-74402.97649546339 929.620168336003 
-76545.40534384694 930.1729034258123 
-55514.88636293428 761.5414500089742 
-55642.91606421087 803.1076254883807 
-55257.977779170375 538.823332651043 
-85482.63826942937 1177.2497898442434 
-80748.82269960371 1160.1373145564583 
-84199.77545972847 1170.4740667236672 
-83377.62926800687 1160.7287201733063 
-75514.5325427419 1012.4213472440597 
-75929.24204374297 1072.217592766779 
-72853.26578421857 935.1718804360966 
-53848.55448549557 594.6296798818008 
-54043.68691226306 595.2965263644174 
-85116.54879291514 1188.342087799092 
-81519.65546082956 1173.8742586742069 
-73189.59538500065 1053.348186866708 
-73219.36859971832 1114.477619561306 
-75688.90992807984 1124.7799225734486 
-65238.108722353005 1031.3494631530073 
-63135.93481544974 1025.0587815572171 
-58806.076025989845 1021.651556700468 
-57707.29452878251 1002.295909151846 
-58806.076025989845 1021.651556700468 
-55584.690561462536 963.6820174163281 
-52858.566621317324 645.501043611163 
-53000.02253920439 719.9101130771539 
-51870.32696395622 628.4168387973803 
-84280.97765195125 1296.2141990218456 
-83966.13133593954 1215.7825947284482 
-76797.05565507109 1177.7573888021632 
-79415.41424139128 1193.5330401364356 
-71023.77522075825 1104.4468332973306 
-67974.3593283782 1078.1672963052804 
-69788.64466018321 1079.604470174983 
-71023.77522075825 1104.4468332973306 
-74652.60085087288 1132.5883537890506 
-75595.35908337298 1158.5579125473196 
-72530.41609205047 1132.4010866174442 
-72530.41609205047 1132.4010866174442 
-64878.770456322825 1047.3137521515853 
-65197.026589086054 1069.2401072582666 
-58943.83409641626 1027.0431327818048 
-55161.359873451904 1005.7380708564061 
-52179.680739821146 679.7036552753193 
-52603.051919307196 963.8718076246046 
-51200.1252171411 659.2196824395763 
-81252.41117571536 1223.6628584699406 
-80137.0330766542 1222.7662907461074 
-69926.33330219876 1127.2503738114233 
-68211.30848431356 1113.0745853383287 
-74137.37669205008 1186.1720650135337 
-73119.25992477582 1175.0799999999992 
-62922.522446481824 1063.2346692732133 
-64134.33940508001 1073.4771169479202 
-56344.744615943906 1043.323580417478 
-51627.41312275684 947.3583396412208 
-50780.936542553136 741.1473065571956 
-50402.44720867277 672.6588874742373 
-79253.30815852055 1331.1155034459139 
-79955.68946349352 1362.670953503725 
-69625.39910353642 1164.3034173493577 
-68515.5427096067 1133.1220278017379 
-65957.22190718725 1116.9531152811044 
-66771.4694673563 1127.1896048719784 
-67193.15034191727 1130.3545140603862 
-73502.74694069434 1300.4484672328144 
-71890.71090908362 1227.611561612899 
-70512.59374226861 1183.6887780545226 
-62458.95082684677 1068.1281501106148 
-54030.20997953979 1054.024129254136 
-54428.153630368746 1057.3152105810268 
-49372.17156787461 689.0941046994215 
-74485.22834886373 1403.0311965613623 
-50524.90391280601 998.6019401692967 
-71443.85363106543 1229.0028778816777 
-54113.92184160231 1077.1468602430855 
-49777.219372773296 740.7363454574613 
-59928.52179978985 1087.9686804165076 
-69491.46689970844 1171.7946134711456 
-74410.33826814417 1401.8496977822522 
