-63120.229265233516 366.1229726793152 
-63821.03573083471 398.0407537095966 
-103172.28841163858 811.9048449175718 
-97667.79454731954 759.7648428013 
-95128.04094313055 716.3184211123761 
-65352.73971391552 688.3725056504965 
-63506.610606015536 368.3924814450335 
-65352.73971391552 688.3725056504965 
-65352.73971391552 688.3725056504965 
-103614.62282464806 864.3996670695423 
-94813.03614902205 699.8516644196712 
-103279.0817355401 853.0104868205768 
-99404.60701940654 852.8293553485566 
-95173.6933588083 770.216947192911 
-96900.29303611213 822.6794384743083 
-63426.06028575468 609.6801534601916 
-62960.00664704903 405.7099024372516 
-65281.300538096715 696.3905114453278 
-93228.6072166424 739.1641664143717 
-87292.59028095444 722.1183294271777 
-90668.27215137871 729.7735496690282 
-66284.26750126797 712.693223406993 
-102960.16012335125 896.8475558250015 
-98663.52594087011 887.5149504844469 
-94953.25090714266 801.4100250015316 
-96738.13737496358 831.9426843167811 
-61591.318195002175 489.7114236940843 
-61076.23117462688 454.06833451271024 
-58288.30204895769 429.71854260755765 
-67882.57076598694 724.1085600165361 
-84225.65143967155 728.3668817321819 
-85995.81919276789 742.9017737301343 
-89840.19998247648 783.5695011400476 
-101939.66326128761 1142.1359074951458 
-101756.85555485488 970.4705957916391 
-98899.19044461886 942.3631879605583 
-100866.80638164682 963.336022941163 
-94236.34001467023 824.4768077769832 
-90431.14273489948 803.01880453208 
-94749.83600623973 825.4117311176105 
-92878.25125293616 816.7205323681316 
-96587.42307704918 890.263311679045 
-94944.56976008858 862.9275472480346 
-58860.38577413713 472.07482875527523 
-60910.52224439374 501.8299914633992 
-60919.89209453958 678.9043280349251 
-56598.91597541064 467.51491962596907 
-64073.12146973561 737.7811054805433 
-77049.07720431495 739.774974096166 
-65130.27147631948 739.5263124751199 
-82746.70066904313 745.83658319091 
-84694.26230796799 764.8061039029328 
-99756.88114341715 1053.7468575790779 
-99038.01462008707 974.7485545387854 
-100719.40676200726 1126.3314004346405 
-93044.58999347377 847.1364793096154 
-93890.0660779985 858.8733459224339 
-86800.55129394653 844.6049230464469 
-85308.05090718696 837.7587063134868 
-94910.84765059728 868.0717727881813 
-57663.80642111759 477.0593267334217 
-76246.8695185182 743.5260747838772 
-76826.37612314134 746.7424114097004 
-79319.37448232266 758.992263955551 
-77342.23560151864 751.0191429681572 
-83486.29895043693 770.934580727467 
-97841.746260788 1046.0905670815162 
-98488.02942674184 1051.1797059095747 
-100254.84800070146 1140.9381839422447 
-100090.07490060752 1136.565031970239 
-98521.31523444093 1134.2731246076298 
-90169.80412424481 848.1328031928917 
-84992.02066965819 843.7441065888361 
-90584.16575564392 869.0784477434989 
-94721.29640691777 926.3723916738834 
-91083.13551851276 921.2842249547575 
-56234.941312974086 491.36473309625165 
-56036.29361548308 478.34762259616434 
-60903.628244947424 762.6720398716011 
-70805.69781359767 765.141380435264 
-83059.57665949811 796.9325290617253 
-80814.10809710814 776.694882252546 
-79810.47404466943 771.7889400418928 
-82966.18226096885 787.5647648270905 
-96098.78752532195 1046.9719635250021 
-96442.05928590987 1117.1578572904268 
-99897.10443112426 1278.0008211072409 
-98724.82109302052 1162.293579576988 
-98392.45139153315 1141.9394298734035 
-55149.26649633949 537.8715987180303 
-95824.0741206371 1140.781327197178 
-55514.88636293428 761.5414500089742 
-69894.79940551608 769.2193557870589 
-89468.50721962021 848.5530339882214 
-55257.977779170375 538.823332651043 
-95457.32506748689 1047.6599999999994 
-80772.14447109084 801.3759199330744 
-89587.89433749024 925.8533523901154 
-94396.33449905243 957.127967165814 
-73870.64841109476 776.3841051061945 
