-61591.318195002175 489.7114236940843 
-92972.4618792906 1129.7745690186146 
-61076.23117462688 454.06833451271024 
-90169.80412424481 848.1328031928917 
-64073.12146973561 737.7811054805433 
-100254.84800070146 1140.9381839422447 
-69024.88073858153 807.8654779690193 
-58860.38577413713 472.07482875527523 
-82637.41182360801 913.9532254568273 
-77156.31497550389 896.8839588886651 
-89638.17416786205 953.4772640642392 
-76643.25380518229 857.5395658463343 
-80111.44429724681 911.221954420985 
-87082.9280156458 930.1192095820181 
-73413.63519065264 851.3966583715028 
-94666.37381708268 1160.9667660475257 
-98724.82109302052 1162.293579576988 
-64243.84283547502 843.0882411480022 
-57663.80642111759 477.0593267334217 
-89039.61128110108 1057.2610333483503 
-88650.00424308948 1051.8778530963393 
-73445.87957380147 860.0683450344247 
-73882.49424510001 879.9213858500784 
-74402.97649546339 929.620168336003 
-74216.08766621775 915.0500884755609 
-83336.93928520786 982.3787688657494 
-83868.2119778122 1028.5530621658606 
-77965.70609775594 936.1778146426028 
-76545.40534384694 930.1729034258123 
-72189.14043225796 859.4879827713083 
-93287.8377467095 1464.2270209288845 
-92805.82155697815 1195.465638347675 
-55514.88636293428 761.5414500089742 
-55642.91606421087 803.1076254883807 
-55257.977779170375 538.823332651043 
-88149.84005642185 1056.1999999999991 
-72777.14354607525 861.287624420818 
-80245.78850022348 1011.4105953107182 
-79237.01150906255 994.0090208386762 
-72853.26578421857 935.1718804360966 
-76100.79592877353 937.559942871646 
-76212.61793257955 986.0986824218261 
-91841.07784153488 1474.2565751371153 
-54991.39957205655 571.996818074226 
-84529.66788064608 1056.353471119894 
-87970.9806881898 1094.0122945969329 
-64664.786574030644 885.1999562485904 
-68694.25830468546 908.9114974826128 
-66730.50973108773 904.805925036611 
-80092.56949320316 1028.3825101743803 
-76079.36925596446 968.267888369775 
-76079.36925596446 968.267888369775 
-75366.92606803628 943.8328707642501 
-53848.55448549557 594.6296798818008 
-54043.68691226306 595.2965263644174 
-82981.55440452797 1073.6414976421488 
-83147.89758696486 1102.6338938254287 
-87431.02785821308 1449.1052962659867 
-84752.8484439425 1132.8462858242412 
-87240.66225573813 1145.1968922469991 
-64588.74707030779 899.3319990076086 
-67933.64732702875 943.309663251993 
-64983.17912534648 927.5909905406588 
-76626.25559824173 1071.6275494780264 
-75514.5325427419 1012.4213472440597 
-76049.46302872572 1053.5332473692522 
-74396.98435691431 945.3438704571744 
-53355.40612093441 614.2134654015666 
-77155.77161661572 1111.7271618326445 
-78135.00713790611 1115.3790421548251 
-79964.21452449079 1124.9756529215215 
-82340.0481406395 1130.3199999999993 
-86879.38843786082 1158.3978512779097 
-84440.1402301254 1155.6306214623598 
-84249.74301637082 1149.1320999751574 
-86910.4637803949 1167.4925694521726 
-61469.694973450125 917.2089941647611 
-75929.24204374297 1072.217592766779 
-75295.64554099784 1072.0917439713157 
-67561.590063964 959.5112945660226 
-71119.13781371918 988.9691075231933 
-73914.28961417287 1041.4176747611773 
-72832.36032001478 1025.9150532358033 
-71805.88842231347 1018.9283291908084 
-52667.45038097063 625.3748544828999 
-86738.8135845433 1186.932407413648 
-86738.8135845433 1186.932407413648 
-61171.09957734491 928.6322486580285 
-53000.02253920439 719.9101130771539 
-64217.216647752306 1017.9513376277969 
-81121.62866297191 1131.7685133153109 
-76050.37997961011 1117.4399999999996 
-83669.34400353316 1156.3007709338997 
-75530.36365633967 1076.7198577276724 
-69922.31334691701 1020.794715413668 
-68820.66726669246 1019.4343125881189 
-73189.59538500065 1053.348186866708 
-86737.93801255904 1163.4854086980577 
-73433.41258951036 1054.0763142837582 
-86738.8135845433 1186.932407413648 
