-80748.82269960371 1160.1373145564583 
-72189.14043225796 859.4879827713083 
-73219.36859971832 1114.477619561306 
-93287.8377467095 1464.2270209288845 
-84199.77545972847 1170.4740667236672 
-58860.38577413713 472.07482875527523 
-86738.8135845433 1186.932407413648 
-74652.60085087288 1132.5883537890506 
-64664.786574030644 885.1999562485904 
-65238.108722353005 1031.3494631530073 
-71023.77522075825 1104.4468332973306 
-72530.41609205047 1132.4010866174442 
-72530.41609205047 1132.4010866174442 
-81519.65546082956 1173.8742586742069 
-51200.1252171411 659.2196824395763 
-55514.88636293428 761.5414500089742 
-63135.93481544974 1025.0587815572171 
-58806.076025989845 1021.651556700468 
-55584.690561462536 963.6820174163281 
-57707.29452878251 1002.295909151846 
-64878.770456322825 1047.3137521515853 
-67193.15034191727 1130.3545140603862 
-65957.22190718725 1116.9531152811044 
-73827.51325770878 1409.5046199148321 
-49777.219372773296 740.7363454574613 
-49372.17156787461 689.0941046994215 
-50780.936542553136 741.1473065571956 
-58943.83409641626 1027.0431327818048 
-52603.051919307196 963.8718076246046 
-55161.359873451904 1005.7380708564061 
-62922.522446481824 1063.2346692732133 
-65262.020543084815 1208.4371497155728 
-65135.00663967953 1185.8360218602695 
-66846.09495049105 1573.4073871189905 
-48389.23449208948 713.988085810468 
-56344.744615943906 1043.323580417478 
-62458.95082684677 1068.1281501106148 
-62698.24977627198 1119.957081124916 
-64214.24153957582 1325.6332043303573 
-45074.23367347545 770.3750940877574 
-47391.33255108523 809.5637363971964 
-54030.20997953979 1054.024129254136 
-59928.52179978985 1087.9686804165076 
-54113.92184160231 1077.1468602430855 
-60655.05609123901 1132.05561220767 
-63804.08952590824 1579.529528359584 
-61351.339150378735 1331.7871538719717 
-62175.077121500326 1365.7937743259638 
-40905.22145226931 797.4625796214103 
-46001.10957024148 816.016838887258 
-46001.10957024148 816.016838887258 
-46836.52618562655 929.7283592263568 
-55097.899949819905 1097.5735985985666 
-56445.74264443889 1141.11201616113 
-56459.938367085066 1149.0005068677708 
-60039.741488108266 1151.756679743617 
-62655.620189197936 1581.3495712624263 
-60381.346567330715 1403.3682777445736 
-35949.63568245335 827.3053669551214 
-45370.899301390535 837.967214907296 
-48517.06282825412 1107.6231412334735 
-49528.51204162024 1113.7607655882775 
-51367.467230935414 1118.5311479771476 
-54363.14507591108 1136.2478850801167 
-59056.787902783086 1221.4927781255174 
-59493.65491106541 1307.513432558465 
-59007.66474750633 1162.7649262669136 
-62535.5420149416 1581.7629211111707 
-43756.03582040088 882.0369820278461 
-41246.69682296416 853.3092158065757 
-58130.924968487685 1199.7793628325328 
-58562.64669227562 1380.7407050911354 
-58950.773740056015 1430.1256965118168 
-52804.353846470694 1163.4404340948329 
-41808.93279023345 907.9822063940164 
-39331.7867727744 889.2866049402282 
-57257.48272059634 1226.7465863963355 
-58092.46779391304 1226.8256146163553 
-56633.3880493659 1200.7032393122813 
-58857.00507844683 1430.6204071004302 
-47008.08476228535 1163.6480525507511 
-41590.723917009345 1033.2287543372122 
-41315.465724259106 969.729027603959 
-33365.73830513621 964.3965586126906 
-57920.623050984555 1235.0907972525647 
-50588.98785278892 1226.0811849207687 
-49736.07216234931 1201.112404422543 
-58437.43311659074 1663.186326668558 
-42288.233599522944 1194.6014312613943 
-34438.32863802011 986.2512755062276 
-40915.49508182525 1050.4685437085727 
-38983.826639768835 1026.147199915097 
-34729.60401777478 1020.4027565373664 
-57319.51230734701 1701.806009538458 
-34612.84823857176 1036.3935486309 
-57184.814799754175 1305.6214685045504 
-47076.72701404453 1236.0658341256799 
-40052.70313202115 1075.1752415887925 
-55584.258413985015 1236.1717251568432 
-41894.05518486662 1202.0746885017004 
