991.6122340326277 2646.908727872119 
1140.1575153822107 2462.547721122906 
-233.32871224391204 2336.1329085100315 
1532.7692936571693 2415.5207724219613 
-36868.74080174768 1594.2675679819708 
-412.0539554485286 2685.591189686377 
-521.2493125790918 2702.8716348735716 
656.7258079510183 2891.268192074141 
-34841.32694021576 1721.891500591745 
379.10216612199537 2278.994002439121 
-799.3155483865982 2731.8266312939995 
-1270.7230532537776 2757.2446940440223 
655.1303166401729 2524.0416769259805 
-16.93485449051176 2517.773195272161 
1262.0431505678177 2286.6625152638735 
-7839.444486361237 2083.1891353057204 
264.39451780155224 2637.869957459571 
129.82306966986877 2780.3165212551658 
-819.1856293657769 2317.150294303261 
-1559.4772578958898 2656.8090033613444 
-896.797032626818 2468.8509274162507 
-1515.601548746244 2759.870121508943 
-17.00593828253535 2220.942062787979 
-2580.826767538725 2631.5339627073936 
-15.792846977279943 2856.321204496371 
133.3029095488965 2256.164135000667 
-2717.1741372736437 2166.1373431089073 
-1955.7202810834267 2573.213600262244 
-16370.939366791703 2431.6035144422285 
-1941.6197713246077 2418.4701238714624 
-797.7975742594836 2323.6124183198763 
-16611.327564963212 2508.554869444633 
-131.68573795828547 2254.1273764361877 
-18.354309585444774 2306.132484722789 
759.9550763385475 2095.824998176429 
-172.8350463888397 2510.468407033439 
-1732.687218666946 3236.989764229877 
-1463.3394671537906 2600.493738977572 
-418.44838231199066 2376.5930330660235 
-18971.903972003947 2788.400012117616 
644.8481282285705 2607.8414463867584 
-49.87427859728108 2795.7320320084027 
-7246.629922722377 1779.6942989771155 
1578.9456382357985 1921.8782291815073 
587.6631335324843 2102.4897115397016 
-1168.0092983365928 2635.7022563214114 
-307.74544996071086 2298.24607297148 
-643.2228097050275 2361.6012610763805 
-121.18124037354279 2391.1727675771435 
-2921.763143656864 2314.58053066882 
-707.653327871745 2101.370970995705 
1114.4688347460074 3035.9852616602484 
-723.3276605388747 2092.9537089306796 
-1072.4833257112546 2679.0705591875294 
-1313.5777780965582 2732.3822412625386 
-291.09140501502714 2458.9910285220285 
-8287.144388232826 2259.950064816058 
-267.8096435161885 2744.6142018989262 
-63.571643312310435 2003.9310521332966 
-232.03380805031523 2495.756241875198 
1186.1539245520087 1895.217805121499 
-22514.144844095805 2652.0744580750643 
-278.7490751970041 2623.329985829289 
-361.1768166327405 1997.3197874252169 
601.1144849724064 2218.0433044947513 
-28499.96314907344 1299.4667209025129 
35.827276467954086 2739.5758291874977 
-1326.356675400818 2545.336102166396 
-277.7327581682431 2586.973008491941 
-790.1930320175182 2007.2040062446395 
-332.21889712851015 2578.5108863426667 
-1504.1175056907593 2178.103594958555 
-495.7179958315601 2179.552515480986 
-1724.849730242146 2351.498437754828 
-436.8090290163846 2497.1540536743814 
1516.7139869264747 2272.575265243618 
-11590.611819253556 2581.0023512247744 
189.70232794920926 2262.1841612237195 
-352.77654228651755 2620.6268736873544 
-2151.1841418831737 2601.8477703750214 
-881.4307124972624 3076.0309958710113 
-625.7652585737693 2491.4329966925234 
-54802.139438836224 1596.694649084065 
-7914.321693892195 2215.031135693016 
-1474.407117532718 2415.229933330036 
-419.54295079002225 2413.6137526867 
26.073585585891323 2437.1170714272716 
-810.3361254620528 2181.79645940035 
-18114.761027838675 2142.2746513691104 
-3163.525139939063 2718.3201917624847 
-17368.11979722454 2227.594698197262 
-210.2733008972749 2539.167775735135 
914.3661369636441 2517.3785902528666 
-262.27626980990954 2762.698688124901 
-830.9089955066445 2661.461282793932 
1151.2704825583974 2320.2601798032024 
-1392.1277843216153 2612.8685798235583 
-373.32572640514957 2566.6805110699174 
-1376.7307037413898 2420.490448796746 
-639.1117076164699 2178.5202824926882 
