-63120.229265233516 366.1229726793152 
-63821.03573083471 398.0407537095966 
-103172.28841163858 811.9048449175718 
-97667.79454731954 759.7648428013 
-95128.04094313055 716.3184211123761 
-65352.73971391552 688.3725056504965 
-61591.318195002175 489.7114236940843 
-61076.23117462688 454.06833451271024 
-63426.06028575468 609.6801534601916 
-100254.84800070146 1140.9381839422447 
-100090.07490060752 1136.565031970239 
-99756.88114341715 1053.7468575790779 
-101939.66326128761 1142.1359074951458 
-99404.60701940654 852.8293553485566 
-96738.13737496358 831.9426843167811 
-67882.57076598694 724.1085600165361 
-93228.6072166424 739.1641664143717 
-94236.34001467023 824.4768077769832 
-84225.65143967155 728.3668817321819 
-58860.38577413713 472.07482875527523 
-60910.52224439374 501.8299914633992 
-56598.91597541064 467.51491962596907 
-99897.10443112426 1278.0008211072409 
-99038.01462008707 974.7485545387854 
-98663.52594087011 887.5149504844469 
-90431.14273489948 803.01880453208 
-90584.16575564392 869.0784477434989 
-64073.12146973561 737.7811054805433 
-77049.07720431495 739.774974096166 
-82746.70066904313 745.83658319091 
-83486.29895043693 770.934580727467 
-65130.27147631948 739.5263124751199 
-57663.80642111759 477.0593267334217 
-98724.82109302052 1162.293579576988 
-94721.29640691777 926.3723916738834 
-97841.746260788 1046.0905670815162 
-98521.31523444093 1134.2731246076298 
-91083.13551851276 921.2842249547575 
-90169.80412424481 848.1328031928917 
-86800.55129394653 844.6049230464469 
-76246.8695185182 743.5260747838772 
-76826.37612314134 746.7424114097004 
-83059.57665949811 796.9325290617253 
-80814.10809710814 776.694882252546 
-56234.941312974086 491.36473309625165 
-56036.29361548308 478.34762259616434 
-93528.24227282844 928.9765278864152 
-93536.35750509654 946.4372066260769 
-94396.33449905243 957.127967165814 
-96098.78752532195 1046.9719635250021 
-96442.05928590987 1117.1578572904268 
-98392.45139153315 1141.9394298734035 
-89587.89433749024 925.8533523901154 
-89587.89433749024 925.8533523901154 
-89468.50721962021 848.5530339882214 
-69894.79940551608 769.2193557870589 
-73870.64841109476 776.3841051061945 
-60903.628244947424 762.6720398716011 
-80523.34403283925 797.0885844947422 
-77475.8754597795 791.316656669102 
-80772.14447109084 801.3759199330744 
-74359.92997870369 787.7568973438447 
-55514.88636293428 761.5414500089742 
-55257.977779170375 538.823332651043 
-55149.26649633949 537.8715987180303 
-91996.53415054237 929.7693715455625 
-93435.01602374006 957.8293627717311 
-95457.32506748689 1047.6599999999994 
-95824.0741206371 1140.781327197178 
-95791.3509811785 1130.5925631786677 
-89007.50511448845 895.398250733846 
-88130.93378306333 854.7324305868335 
-70825.20776116553 781.1288619143094 
-65771.73710167065 779.7018445756664 
-79576.68853039616 807.6841698243239 
-71628.31005115421 807.2136713744313 
-54991.39957205655 571.996818074226 
-91570.56467902183 944.8978154298956 
-91502.10592638612 936.9359934085984 
-92977.00783068631 958.224598378723 
-94643.16082584565 1105.4215016206056 
-94177.67433525147 1053.3999999999994 
-94666.37381708268 1160.9667660475257 
-95518.23118252608 1266.9970749927734 
-88716.99849310941 898.311655934418 
-81246.86197664625 868.7282166245684 
-87140.4302941452 888.0842093078031 
-82821.8148661392 881.7332857014798 
-67168.08975877911 804.2360640071078 
-63760.80500616995 797.518403805038 
-76643.25380518229 857.5395658463343 
-77509.36070401757 864.4088548351635 
-73871.20844941288 813.1585503564958 
-75520.29194529331 834.6906427445567 
-69024.88073858153 807.8654779690193 
-48719.67929007006 790.3150901689362 
-94567.25526760373 1187.7827091468828 
-55642.91606421087 803.1076254883807 
-68965.50766897727 819.9267956921007 
-94204.16622695663 1144.7881008367106 
