-61591.318195002175 489.7114236940843 
-92972.4618792906 1129.7745690186146 
-61076.23117462688 454.06833451271024 
-90169.80412424481 848.1328031928917 
-64073.12146973561 737.7811054805433 
-100254.84800070146 1140.9381839422447 
-69024.88073858153 807.8654779690193 
-58860.38577413713 472.07482875527523 
-72189.14043225796 859.4879827713083 
-73445.87957380147 860.0683450344247 
-84529.66788064608 1056.353471119894 
-82637.41182360801 913.9532254568273 
-83336.93928520786 982.3787688657494 
-77156.31497550389 896.8839588886651 
-89039.61128110108 1057.2610333483503 
-83868.2119778122 1028.5530621658606 
-94666.37381708268 1160.9667660475257 
-57663.80642111759 477.0593267334217 
-72777.14354607525 861.287624420818 
-77965.70609775594 936.1778146426028 
-80245.78850022348 1011.4105953107182 
-74402.97649546339 929.620168336003 
-76545.40534384694 930.1729034258123 
-87970.9806881898 1094.0122945969329 
-82981.55440452797 1073.6414976421488 
-93287.8377467095 1464.2270209288845 
-92805.82155697815 1195.465638347675 
-55514.88636293428 761.5414500089742 
-55642.91606421087 803.1076254883807 
-55257.977779170375 538.823332651043 
-64664.786574030644 885.1999562485904 
-68694.25830468546 908.9114974826128 
-66730.50973108773 904.805925036611 
-76626.25559824173 1071.6275494780264 
-72853.26578421857 935.1718804360966 
-76100.79592877353 937.559942871646 
-76212.61793257955 986.0986824218261 
-86879.38843786082 1158.3978512779097 
-84440.1402301254 1155.6306214623598 
-84249.74301637082 1149.1320999751574 
-83147.89758696486 1102.6338938254287 
-86910.4637803949 1167.4925694521726 
-87431.02785821308 1449.1052962659867 
-91841.07784153488 1474.2565751371153 
-54991.39957205655 571.996818074226 
-64588.74707030779 899.3319990076086 
-64983.17912534648 927.5909905406588 
-67933.64732702875 943.309663251993 
-76079.36925596446 968.267888369775 
-74396.98435691431 945.3438704571744 
-86737.93801255904 1163.4854086980577 
-83669.34400353316 1156.3007709338997 
-77155.77161661572 1111.7271618326445 
-81121.62866297191 1131.7685133153109 
-78135.00713790611 1115.3790421548251 
-79964.21452449079 1124.9756529215215 
-86738.8135845433 1186.932407413648 
-86738.8135845433 1186.932407413648 
-86738.8135845433 1186.932407413648 
-53848.55448549557 594.6296798818008 
-54043.68691226306 595.2965263644174 
-61469.694973450125 917.2089941647611 
-75514.5325427419 1012.4213472440597 
-76049.46302872572 1053.5332473692522 
-67561.590063964 959.5112945660226 
-71119.13781371918 988.9691075231933 
-85482.63826942937 1177.2497898442434 
-84199.77545972847 1170.4740667236672 
-84361.7125981541 1171.4657206757386 
-83377.62926800687 1160.7287201733063 
-83558.58492357876 1160.8375017331878 
-80748.82269960371 1160.1373145564583 
-80223.70831549758 1133.1795432214442 
-76050.37997961011 1117.4399999999996 
-53355.40612093441 614.2134654015666 
-73914.28961417287 1041.4176747611773 
-75929.24204374297 1072.217592766779 
-75295.64554099784 1072.0917439713157 
-55584.690561462536 963.6820174163281 
-64217.216647752306 1017.9513376277969 
-60682.617506476825 999.6702088341498 
-68820.66726669246 1019.4343125881189 
-69922.31334691701 1020.794715413668 
-85116.54879291514 1188.342087799092 
-84547.76953613527 1181.8654430203492 
-81519.65546082956 1173.8742586742069 
-80214.20263185591 1137.0874196978027 
-52667.45038097063 625.3748544828999 
-84280.97765195125 1296.2141990218456 
-55573.0709928139 968.9392494763351 
-53000.02253920439 719.9101130771539 
-68041.44634713065 1027.95756684127 
-73189.59538500065 1053.348186866708 
-83966.13133593954 1215.7825947284482 
-63135.93481544974 1025.0587815572171 
-80032.53792559772 1166.6820376645883 
-59265.94790752988 1013.8575882054995 
-74639.65859718206 1107.7145508219364 
-57707.29452878251 1002.295909151846 
-77021.08244036733 1146.1002489373702 
