-80748.82269960371 1160.1373145564583 
-72189.14043225796 859.4879827713083 
-73219.36859971832 1114.477619561306 
-93287.8377467095 1464.2270209288845 
-58860.38577413713 472.07482875527523 
-86738.8135845433 1186.932407413648 
-74652.60085087288 1132.5883537890506 
-61591.318195002175 489.7114236940843 
-75595.35908337298 1158.5579125473196 
-86737.93801255904 1163.4854086980577 
-64664.786574030644 885.1999562485904 
-65238.108722353005 1031.3494631530073 
-71023.77522075825 1104.4468332973306 
-72530.41609205047 1132.4010866174442 
-72530.41609205047 1132.4010866174442 
-57663.80642111759 477.0593267334217 
-84199.77545972847 1170.4740667236672 
-63135.93481544974 1025.0587815572171 
-58806.076025989845 1021.651556700468 
-57707.29452878251 1002.295909151846 
-58806.076025989845 1021.651556700468 
-64878.770456322825 1047.3137521515853 
-65957.22190718725 1116.9531152811044 
-69926.33330219876 1127.2503738114233 
-55514.88636293428 761.5414500089742 
-55584.690561462536 963.6820174163281 
-53848.55448549557 594.6296798818008 
-81519.65546082956 1173.8742586742069 
-58943.83409641626 1027.0431327818048 
-62922.522446481824 1063.2346692732133 
-65229.050034320455 1122.9878947876389 
-67193.15034191727 1130.3545140603862 
-55161.359873451904 1005.7380708564061 
-52858.566621317324 645.501043611163 
-53000.02253920439 719.9101130771539 
-71890.71090908362 1227.611561612899 
-79253.30815852055 1331.1155034459139 
-56344.744615943906 1043.323580417478 
-62458.95082684677 1068.1281501106148 
-62698.24977627198 1119.957081124916 
-65262.020543084815 1208.4371497155728 
-65135.00663967953 1185.8360218602695 
-51200.1252171411 659.2196824395763 
-52603.051919307196 963.8718076246046 
-68219.5522321909 1273.8370681190745 
-74485.22834886373 1403.0311965613623 
-74410.33826814417 1401.8496977822522 
-54030.20997953979 1054.024129254136 
-54428.153630368746 1057.3152105810268 
-59928.52179978985 1087.9686804165076 
-60655.05609123901 1132.05561220767 
-60822.64358128207 1269.1860788997915 
-49777.219372773296 740.7363454574613 
-49372.17156787461 689.0941046994215 
-50780.936542553136 741.1473065571956 
-66700.24953085219 1279.0873186954786 
-73827.51325770878 1409.5046199148321 
-54113.92184160231 1077.1468602430855 
-55097.899949819905 1097.5735985985666 
-56445.74264443889 1141.11201616113 
-56459.938367085066 1149.0005068677708 
-60039.741488108266 1151.756679743617 
-48710.862114994154 692.5637916402652 
-49414.0914275959 747.8818859767516 
-64214.24153957582 1325.6332043303573 
-66846.09495049105 1573.4073871189905 
-49528.51204162024 1113.7607655882775 
-51367.467230935414 1118.5311479771476 
-54363.14507591108 1136.2478850801167 
-54094.45037648484 1128.7131621221372 
-59056.787902783086 1221.4927781255174 
-59493.65491106541 1307.513432558465 
-59007.66474750633 1162.7649262669136 
-48389.23449208948 713.988085810468 
-48517.06282825412 1107.6231412334735 
-61351.339150378735 1331.7871538719717 
-62175.077121500326 1365.7937743259638 
-63804.08952590824 1579.529528359584 
-58130.924968487685 1199.7793628325328 
-52804.353846470694 1163.4404340948329 
-56820.22538811315 1191.1226262541009 
-45074.23367347545 770.3750940877574 
-47391.33255108523 809.5637363971964 
-46124.68109814792 775.806083390539 
-60381.346567330715 1403.3682777445736 
-58562.64669227562 1380.7407050911354 
-61442.28752648522 1412.7914615564923 
-62655.620189197936 1581.3495712624263 
-57257.48272059634 1226.7465863963355 
-58092.46779391304 1226.8256146163553 
-56633.3880493659 1200.7032393122813 
-46836.52618562655 929.7283592263568 
-47008.08476228535 1163.6480525507511 
-46001.10957024148 816.016838887258 
-46001.10957024148 816.016838887258 
-45867.95175275157 790.6452091175697 
-58950.773740056015 1430.1256965118168 
-62535.5420149416 1581.7629211111707 
-40905.22145226931 797.4625796214103 
-58857.00507844683 1430.6204071004302 
