-71914.14823050956 964.532966107733 
-78894.97292032876 984.9759942203989 
-71585.63629679613 838.3450388225198 
-77078.61198730145 1177.0282945800213 
-76407.14663282876 1143.3132398198845 
-77680.11390718108 1177.9089450319937 
-75210.24932976933 998.6385960357713 
-63494.01511467742 880.8054004140872 
-64364.549694723944 888.7759399798637 
-71468.21736633214 911.4857485283952 
-63494.01511467742 880.8054004140872 
-75131.06750856125 1093.414124762929 
-63523.17321846564 943.282359571262 
-70565.76293093625 977.3606465269565 
-68261.2577375784 967.9287317457035 
-57112.1497486283 889.545510343193 
-63275.9358732246 931.2055132571438 
-62368.66110402798 910.4000606368984 
-73916.8963226884 1146.946351235191 
-61667.082819074494 922.9125235249701 
