-49844.39979852554 1121.6252920041204 
-42765.36857595409 1018.0800407836193 
-49039.19143481992 1332.9873519527223 
-45654.96402520145 1246.4717122623103 
-46350.318564738925 1307.565191173131 
-39246.43081816989 1027.428937969165 
-44453.82581300009 1257.0925018101757 
-45159.624110896 1329.0001075961138 
-35871.57651656133 1101.9677827189298 
-43605.68290232294 1328.8590034545987 
-43176.49983670276 1286.3480073939686 
-44896.57493754315 1337.9732762686149 
-33942.55606330934 1151.8638933109992 
-32622.940141429823 1139.0181825170616 
-42608.830469481385 1319.9722668880254 
-43841.564752797894 1358.3511267360182 
-33174.21949483097 1158.8061531646727 
-33499.73636737983 1200.9860682175097 
-43679.47920652273 1367.4855340408546 
-30096.972832686446 1191.5073088040674 
