-49844.39979852554 1121.6252920041204 
-42765.36857595409 1018.0800407836193 
-49039.19143481992 1332.9873519527223 
-45654.96402520145 1246.4717122623103 
-46350.318564738925 1307.565191173131 
-44711.48347747522 1242.4713420173866 
-46006.61436767044 1284.6871634638826 
-39246.43081816989 1027.428937969165 
-41468.616895931875 1206.038030767594 
-44453.82581300009 1257.0925018101757 
-45159.624110896 1329.0001075961138 
-35871.57651656133 1101.9677827189298 
-43605.68290232294 1328.8590034545987 
-43176.49983670276 1286.3480073939686 
-44896.57493754315 1337.9732762686149 
-44827.611090739876 1333.526418664598 
-33942.55606330934 1151.8638933109992 
-32622.940141429823 1139.0181825170616 
-43897.5497223327 1360.2756325217545 
-33174.21949483097 1158.8061531646727 
