-91130.75166564835 655.2442199285267 
-81686.95280352684 596.6130229383326 
-91467.78643621002 1150.3933798878163 
-88076.33303563864 644.2438609111196 
-88482.61260486433 645.6438799847332 
-91739.35658157417 1219.1751660549292 
-94398.47637275237 1230.0034443675 
-90489.54853425204 655.4187535715303 
-63262.42496709304 612.1407943524707 
-66518.21004113516 618.9014926525725 
-75075.88531759255 625.8708685231961 
-76507.25000881313 629.7365553880786 
-80729.25451194344 635.8193753849182 
-79839.50183648967 632.9207078769007 
-90582.543627802 1177.2698853330721 
-87739.40863715424 647.5235061808928 
-94256.56130950694 1232.5738856458627 
-94256.56130950694 1232.5738856458627 
-93968.74966439356 1231.2119491028548 
-75206.08578004436 636.0850961470826 
