-52562.42175428362 1011.0828601644616 
-54346.66599077075 1254.9031875368717 
-49481.68960048578 937.537168142467 
-54227.097086569825 1230.1399793614764 
-49606.06231621311 1036.4838631681164 
-51737.72681079272 1058.502958147393 
-42765.36857595409 1018.0800407836193 
-42765.36857595409 1018.0800407836193 
-51833.97607234368 1269.1590624259718 
-46187.48932388206 1053.7587152058318 
-50861.30650355854 1159.0181349873924 
-48691.47417790232 1071.4336950225475 
-51471.54538307098 1172.064330170813 
-50861.30650355854 1159.0181349873924 
-50034.8874708354 1114.2690023626865 
-39246.43081816989 1027.428937969165 
-51752.23068910907 1271.376196412242 
-51752.23068910907 1271.376196412242 
-48061.336757286124 1095.484187149202 
-51626.76006961761 1276.3231858885997 
