-76507.25000881313 629.7365553880786 
-84753.3935825046 650.0635274256592 
-84753.3935825046 650.0635274256592 
-94256.56130950694 1232.5738856458627 
-66518.21004113516 618.9014926525725 
-84417.94719813734 648.7231102499845 
-79839.50183648967 632.9207078769007 
-63262.42496709304 612.1407943524707 
-80557.56983859479 635.0125327864466 
-79839.50183648967 632.9207078769007 
-75082.63782976787 628.2934093780145 
-75075.88531759255 625.8708685231961 
-94256.56130950694 1232.5738856458627 
-93968.74966439356 1231.2119491028548 
-91130.75166564835 655.2442199285267 
-86753.12893706062 650.7276224875733 
-66197.85413291765 619.3924854619329 
-93242.90013691917 1312.117426420695 
-91355.49868221956 1240.800385081737 
-89682.41377970086 659.0445774505312 
