-67654.38230491967 629.1018972961663 
-69663.41305007935 632.0027203188388 
-84816.74027357377 654.9966829448341 
-90404.74509250197 1324.3197897333623 
-86788.24594552636 758.8444109839477 
-68729.21015399028 629.2361877155595 
-85923.6371941145 674.3374195421329 
-68863.98320824768 632.9703087497934 
-84254.64182413774 656.4656877940897 
-89101.91991962647 1325.883928854233 
-89515.04994334477 1326.3053085314789 
-86433.70925519575 867.8363998441197 
-67593.57486247776 629.9876488427678 
-84356.62863080358 741.3706213032685 
-79809.04166283766 660.3034858627734 
-82942.1868106232 662.3905010275726 
-67311.89175623629 637.38168303628 
-67105.45813470593 630.0962442015799 
-83707.23372474215 1304.862429329357 
-63535.17450317265 638.2524064399933 
