-81753.75106722006 1386.0422131716462 
-79748.6664108688 872.9073892139509 
-80117.62568128815 1106.1739431401888 
-77953.24370711869 868.3913352068755 
-75402.07924938807 730.9662493204904 
-80117.62568128815 1106.1739431401888 
-79281.7108639096 950.1761126559833 
-79039.4839168077 946.9458188828107 
-77008.83891028693 870.7778867173278 
-73305.36047187705 766.6288445032336 
-73442.58200367658 869.1825288466073 
-73442.58200367658 869.1825288466073 
-67994.18216408446 765.0287549991076 
-73442.58200367658 869.1825288466073 
-80089.91820943094 1172.9720809708751 
-79398.01403676151 1140.7828650634226 
-72734.56076103114 766.7589425540758 
-79965.9836724959 1318.1649424228076 
-76560.21854611233 982.1184843671567 
-78911.76550780801 983.2224596262638 
