-49844.39979852554 1121.6252920041204 
-43089.63624470554 1381.879626093626 
-33174.21949483097 1158.8061531646727 
-33499.73636737983 1200.9860682175097 
-43050.454218168496 1370.232497943981 
-28583.311555022632 1275.5393021230275 
-42749.65259599882 1379.77471859776 
-42601.80887738823 1386.459361533242 
-42324.97903093179 1388.6031706643782 
-42600.14104836149 1391.7985287572728 
-42230.627992100155 1393.811039744146 
-42230.627992100155 1393.811039744146 
-42230.627992100155 1393.811039744146 
-42230.627992100155 1393.811039744146 
-42230.627992100155 1393.811039744146 
-42230.627992100155 1393.811039744146 
-42230.627992100155 1393.811039744146 
-41854.88649733146 1404.6899186774656 
-41426.95569401145 1409.4320019644933 
-41117.20307954066 1408.4624283173755 
