-75402.07924938807 730.9662493204904 
-80864.65480975418 869.6939114901497 
-78140.0961684649 869.5566845587382 
-78015.47028881712 736.9596229877399 
-82150.21031388751 872.2883244724159 
-64723.52821759119 723.71161823187 
-61658.91764199746 718.8229666338885 
-71935.54628585525 734.0312864950816 
-79230.93796093528 871.4736231290178 
-77953.24370711869 868.3913352068755 
-77006.22840656758 760.9929895169054 
-72525.70599827006 737.5259926928253 
-81753.75106722006 1386.0422131716462 
-79748.6664108688 872.9073892139509 
-80828.079314405 972.5729761311022 
-59355.40190697087 745.8184484044314 
-80117.62568128815 1106.1739431401888 
-80117.62568128815 1106.1739431401888 
-61657.01755599731 753.6075738245537 
-71478.09643930224 760.9416975416079 
