-91130.75166564835 655.2442199285267 
-91467.78643621002 1150.3933798878163 
-81862.39900613826 571.7310221773221 
-94246.63637888736 1228.1552459376037 
-92449.3728845667 1162.5875306299702 
-95408.0581691643 1229.6789738222299 
-92151.58985306465 1154.0858117189305 
-82488.45821930835 573.633273171849 
-82157.9658146484 572.9577363736311 
-79598.69435321318 483.5542366674061 
-81862.39900613826 571.7310221773221 
-86380.94935352968 589.0517992977867 
-90620.0693540193 639.1350552178361 
-77760.49039769838 472.587454766861 
-92449.3728845667 1162.5875306299702 
-93819.76119065269 1180.5775136547757 
-94504.32426567278 1233.694254357565 
-66402.33198055785 495.3099189900624 
-90489.54853425204 655.4187535715303 
-70214.55384237706 574.7356370615581 
