-67654.38230491967 629.1018972961663 
-89101.91991962647 1325.883928854233 
-69663.41305007935 632.0027203188388 
-84816.74027357377 654.9966829448341 
-63535.17450317265 638.2524064399933 
-78015.47028881712 736.9596229877399 
-76798.96334068851 723.730628960989 
-77291.54139456063 735.6719975955866 
-82187.00445983635 869.8523991656222 
-71666.88633027021 709.5086247156661 
-83707.23372474215 1304.862429329357 
-81610.69771885443 756.3371819401077 
-61658.91764199746 718.8229666338885 
-82172.32620260045 1352.9776807740477 
-82150.21031388751 872.2883244724159 
-74766.93971792822 726.4916523440997 
-65887.67873034636 725.1959690825859 
-81476.75256646113 863.0316138499101 
-77393.32487891942 749.3715891913474 
-80101.24762385798 770.9143039992998 
