-52562.42175428362 1011.0828601644616 
-49481.68960048578 937.537168142467 
-68644.11474198093 1038.1604032523248 
-77078.61198730145 1177.0282945800213 
-49606.06231621311 1036.4838631681164 
-48773.35990426813 947.3618286337564 
-51737.72681079272 1058.502958147393 
-60908.12193373537 1082.1697125598505 
-47487.65716093765 979.1703941624255 
-48499.98500003835 1067.369737001613 
-50190.98210972438 1070.884540530843 
-54688.12052161272 1208.5203849240281 
-50861.30650355854 1159.0181349873924 
-51471.54538307098 1172.064330170813 
-50861.30650355854 1159.0181349873924 
-42765.36857595409 1018.0800407836193 
-42765.36857595409 1018.0800407836193 
-54346.66599077075 1254.9031875368717 
-50034.8874708354 1114.2690023626865 
-54227.097086569825 1230.1399793614764 
