-91130.75166564835 655.2442199285267 
-91467.78643621002 1150.3933798878163 
-88076.33303563864 644.2438609111196 
-88482.61260486433 645.6438799847332 
-94398.47637275237 1230.0034443675 
-83548.95583970864 597.7170630652688 
-81862.39900613826 571.7310221773221 
-94246.63637888736 1228.1552459376037 
-92356.68633920627 1162.592622287323 
-90489.54853425204 655.4187535715303 
-87739.40863715424 647.5235061808928 
-94256.56130950694 1232.5738856458627 
-94256.56130950694 1232.5738856458627 
-81686.95280352684 596.6130229383326 
-93968.74966439356 1231.2119491028548 
-93524.95252095482 1230.499516142259 
-91739.35658157417 1219.1751660549292 
-91558.91443092171 1165.2284533613563 
-91846.33421238509 1219.5555970946048 
-63262.42496709304 612.1407943524707 
