-91130.75166564835 655.2442199285267 
-91467.78643621002 1150.3933798878163 
-81862.39900613826 571.7310221773221 
-94246.63637888736 1228.1552459376037 
-92449.3728845667 1162.5875306299702 
-95408.0581691643 1229.6789738222299 
-92151.58985306465 1154.0858117189305 
-82488.45821930835 573.633273171849 
-82157.9658146484 572.9577363736311 
-79598.69435321318 483.5542366674061 
-93584.99830082575 1194.1385571665064 
-81862.39900613826 571.7310221773221 
-86380.94935352968 589.0517992977867 
-92587.68305417101 1182.2190800779147 
-90620.0693540193 639.1350552178361 
-94504.32426567278 1233.694254357565 
-86192.74062070259 596.0397785734355 
-92356.68633920627 1162.592622287323 
-90489.54853425204 655.4187535715303 
-88076.33303563864 644.2438609111196 
