-52562.42175428362 1011.0828601644616 
-49844.39979852554 1121.6252920041204 
-42765.36857595409 1018.0800407836193 
-49606.06231621311 1036.4838631681164 
-39246.43081816989 1027.428937969165 
-49039.19143481992 1332.9873519527223 
-49039.19143481992 1332.9873519527223 
-49039.19143481992 1332.9873519527223 
-48691.47417790232 1071.4336950225475 
-47676.580535770554 1225.7281630886641 
-47009.21851532004 1096.7101659724242 
-47894.6664627076 1273.5734722758975 
-46365.72993796675 1232.0541606008992 
-35871.57651656133 1101.9677827189298 
-45880.240417788256 1187.6057473631724 
-45968.15492327097 1227.4681805359296 
-45816.45963424233 1117.4331252045306 
-46365.181492685326 1313.0533827361362 
-44000.34783796986 1138.47803227198 
-46306.214671511414 1404.673480313928 
