-52562.42175428362 1011.0828601644616 
-54346.66599077075 1254.9031875368717 
-49481.68960048578 937.537168142467 
-49844.39979852554 1121.6252920041204 
-49606.06231621311 1036.4838631681164 
-50861.30650355854 1159.0181349873924 
-51752.23068910907 1271.376196412242 
-42765.36857595409 1018.0800407836193 
-42765.36857595409 1018.0800407836193 
-48691.47417790232 1071.4336950225475 
-51341.27434062417 1279.374865635618 
-51484.5151350027 1286.2010243695147 
-39246.43081816989 1027.428937969165 
-48061.336757286124 1095.484187149202 
-48387.98924623943 1106.871484342223 
-49891.08441039704 1318.7701939819767 
-47009.21851532004 1096.7101659724242 
-49039.19143481992 1332.9873519527223 
-49039.19143481992 1332.9873519527223 
-48230.46917917864 1170.268989236177 
