-71914.14823050956 964.532966107733 
-78894.97292032876 984.9759942203989 
-71585.63629679613 838.3450388225198 
-79454.48410406383 1176.3568921440908 
-77439.16449027859 982.708389710935 
-72668.5234191776 966.9752319754084 
-76560.21854611233 982.1184843671567 
-78480.22472820121 985.8976013503645 
-63494.01511467742 880.8054004140872 
-71468.21736633214 911.4857485283952 
-63494.01511467742 880.8054004140872 
-63494.01511467742 880.8054004140872 
-67820.75188146265 883.8541492172336 
-78304.35176919702 1176.0235677095616 
-64364.549694723944 888.7759399798637 
-76880.59260314118 1126.641322969541 
-75210.24932976933 998.6385960357713 
-68261.2577375784 967.9287317457035 
-71696.16510201788 996.6955219532738 
-70565.76293093625 977.3606465269565 
