-52562.42175428362 1011.0828601644616 
-49844.39979852554 1121.6252920041204 
-42765.36857595409 1018.0800407836193 
-49606.06231621311 1036.4838631681164 
-39246.43081816989 1027.428937969165 
-49039.19143481992 1332.9873519527223 
-49039.19143481992 1332.9873519527223 
-49039.19143481992 1332.9873519527223 
-47676.580535770554 1225.7281630886641 
-47009.21851532004 1096.7101659724242 
-46365.72993796675 1232.0541606008992 
-35871.57651656133 1101.9677827189298 
-45880.240417788256 1187.6057473631724 
-45968.15492327097 1227.4681805359296 
-45816.45963424233 1117.4331252045306 
-46365.181492685326 1313.0533827361362 
-32622.940141429823 1139.0181825170616 
-35707.36171454555 1156.8581251236806 
-41468.616895931875 1206.038030767594 
-42988.08992251486 1219.3726923743425 
