-91130.75166564835 655.2442199285267 
-91467.78643621002 1150.3933798878163 
-94246.63637888736 1228.1552459376037 
-92449.3728845667 1162.5875306299702 
-95408.0581691643 1229.6789738222299 
-92151.58985306465 1154.0858117189305 
-86380.94935352968 589.0517992977867 
-90620.0693540193 639.1350552178361 
-92449.3728845667 1162.5875306299702 
-93819.76119065269 1180.5775136547757 
-85246.13913711613 576.0843658671055 
-83018.1988919733 482.12386130768465 
-85764.6289201206 576.9650279417499 
-79018.26187302399 470.6991084447071 
-94504.32426567278 1233.694254357565 
-77760.49039769838 472.587454766861 
-90489.54853425204 655.4187535715303 
-90816.28852252157 1174.1251586294113 
-86392.65638018174 640.7284282183319 
-81473.07078205081 494.84597160007996 
