-49844.39979852554 1121.6252920041204 
-42765.36857595409 1018.0800407836193 
-49606.06231621311 1036.4838631681164 
-39246.43081816989 1027.428937969165 
-49039.19143481992 1332.9873519527223 
-49039.19143481992 1332.9873519527223 
-49039.19143481992 1332.9873519527223 
-47676.580535770554 1225.7281630886641 
-47009.21851532004 1096.7101659724242 
-46365.72993796675 1232.0541606008992 
-35871.57651656133 1101.9677827189298 
-45880.240417788256 1187.6057473631724 
-46350.318564738925 1307.565191173131 
-32622.940141429823 1139.0181825170616 
-41468.616895931875 1206.038030767594 
-35707.36171454555 1156.8581251236806 
-42988.08992251486 1219.3726923743425 
-46006.61436767044 1284.6871634638826 
-44711.48347747522 1242.4713420173866 
-45654.96402520145 1246.4717122623103 
