-81753.75106722006 1386.0422131716462 
-73305.36047187705 766.6288445032336 
-79748.6664108688 872.9073892139509 
-73442.58200367658 869.1825288466073 
-80117.62568128815 1106.1739431401888 
-73442.58200367658 869.1825288466073 
-67994.18216408446 765.0287549991076 
-77008.83891028693 870.7778867173278 
-72481.90445098143 769.3111425009012 
-72934.94002121067 827.0691117370195 
-79281.7108639096 950.1761126559833 
-79039.4839168077 946.9458188828107 
-80089.91820943094 1172.9720809708751 
-79398.01403676151 1140.7828650634226 
-70224.7526071297 771.0899643468215 
-79965.9836724959 1318.1649424228076 
-76560.21854611233 982.1184843671567 
-78911.76550780801 983.2224596262638 
-72668.5234191776 966.9752319754084 
-71585.63629679613 838.3450388225198 
