-67654.38230491967 629.1018972961663 
-68729.21015399028 629.2361877155595 
-76507.25000881313 629.7365553880786 
-84753.3935825046 650.0635274256592 
-84753.3935825046 650.0635274256592 
-88449.21749362117 678.279405018354 
-94256.56130950694 1232.5738856458627 
-66518.21004113516 618.9014926525725 
-79439.78195022224 638.3399935794114 
-84856.47733675083 651.3286088696102 
-86862.76112794994 668.6567027951451 
-93242.90013691917 1312.117426420695 
-93242.90013691917 1312.117426420695 
-66197.85413291765 619.3924854619329 
-89055.04149447188 1247.3265148129783 
-86413.17895962547 674.8475571801837 
-78978.45940379267 639.3476546713126 
-84310.91348646476 654.1993315921554 
-91845.75038097106 1304.0583681454757 
-89357.56449455896 1248.0217500164217 
