-78015.47028881712 736.9596229877399 
-76798.96334068851 723.730628960989 
-77291.54139456063 735.6719975955866 
-81476.75256646113 863.0316138499101 
-82187.00445983635 869.8523991656222 
-67654.38230491967 629.1018972961663 
-80017.45597216269 767.7646115147951 
-74766.93971792822 726.4916523440997 
-76202.933965042 726.6885340533939 
-77006.22840656758 760.9929895169054 
-80871.57066012347 869.2705378801885 
-82150.21031388751 872.2883244724159 
-82172.32620260045 1352.9776807740477 
-64723.52821759119 723.71161823187 
-61658.91764199746 718.8229666338885 
-65887.67873034636 725.1959690825859 
-77953.24370711869 868.3913352068755 
-77977.66489791135 868.4487961570728 
-67206.66157835111 729.0302678963527 
-81753.75106722006 1386.0422131716462 
