-67654.38230491967 629.1018972961663 
-69663.41305007935 632.0027203188388 
-84816.74027357377 654.9966829448341 
-90404.74509250197 1324.3197897333623 
-86433.70925519575 867.8363998441197 
-67311.89175623629 637.38168303628 
-84356.62863080358 741.3706213032685 
-84254.64182413774 656.4656877940897 
-89101.91991962647 1325.883928854233 
-63535.17450317265 638.2524064399933 
-64756.762212941765 651.9541869124789 
-82433.40573233091 693.2294594520789 
-70244.35201476615 680.6418467904466 
-83707.23372474215 1304.862429329357 
-62734.31913965126 651.1797774765926 
-82187.00445983635 869.8523991656222 
-81610.69771885443 756.3371819401077 
-69991.98922414954 683.0764491538473 
-63912.08310579603 656.6623747373126 
-72328.63209121289 698.5889391683434 
