-91130.75166564835 655.2442199285267 
-91467.78643621002 1150.3933798878163 
-88076.33303563864 644.2438609111196 
-88482.61260486433 645.6438799847332 
-81862.39900613826 571.7310221773221 
-94246.63637888736 1228.1552459376037 
-92449.3728845667 1162.5875306299702 
-95408.0581691643 1229.6789738222299 
-92151.58985306465 1154.0858117189305 
-90406.5424898242 654.0371125944213 
-82488.45821930835 573.633273171849 
-88856.79353291223 653.6126054005244 
-86192.74062070259 596.0397785734355 
-90489.54853425204 655.4187535715303 
-87739.40863715424 647.5235061808928 
-92356.68633920627 1162.592622287323 
-94398.47637275237 1230.0034443675 
-83548.95583970864 597.7170630652688 
-81686.95280352684 596.6130229383326 
-94256.56130950694 1232.5738856458627 
