-594.4220276611802 2446.4891871987234 
-3759.653704302189 2677.083046941659 
-1082.1009386563976 2084.612075683947 
572.4803652457459 2329.182440161425 
-238.62905198515054 2250.282267824489 
-1619.0911444187343 1918.3931869243143 
23.93471318931794 2262.7675185386147 
-1587.35106597586 2854.5911172126575 
1967.4475424304003 2257.0751847089878 
-2313.873852749887 2323.057257475788 
-10528.442293095983 2206.51566452522 
-1094.483844294181 2963.3371630190145 
-301.0883050546976 2405.2880468226363 
-725.0316859724404 2319.739103503704 
0.26059488101117834 2091.37612311308 
593.5742186389199 2317.0375130204493 
-689.7591221252492 2172.620743860276 
-3845.2372794094367 2288.3063712664543 
-100.7649831236036 2555.683328377493 
-1783.6133861404592 3159.690839491687 
