-81753.75106722006 1386.0422131716462 
-80089.91820943094 1172.9720809708751 
-73305.36047187705 766.6288445032336 
-79748.6664108688 872.9073892139509 
-73442.58200367658 869.1825288466073 
-79965.9836724959 1318.1649424228076 
-72481.90445098143 769.3111425009012 
-72934.94002121067 827.0691117370195 
-79398.01403676151 1140.7828650634226 
-79454.48410406383 1176.3568921440908 
-79656.05365033381 1185.9816099927277 
-79281.7108639096 950.1761126559833 
-70224.7526071297 771.0899643468215 
-79422.68609230848 1176.7773561990743 
-78911.76550780801 983.2224596262638 
-72668.5234191776 966.9752319754084 
-71585.63629679613 838.3450388225198 
-76560.21854611233 982.1184843671567 
-79123.36371508779 1176.4678480778778 
-72476.02597273391 901.1967077829715 
