-81753.75106722006 1386.0422131716462 
-77953.24370711869 868.3913352068755 
-75402.07924938807 730.9662493204904 
-80864.65480975418 869.6939114901497 
-74069.19347594553 762.5788451463793 
-79748.6664108688 872.9073892139509 
-80117.62568128815 1106.1739431401888 
-80117.62568128815 1106.1739431401888 
-77008.83891028693 870.7778867173278 
-80117.62568128815 1106.1739431401888 
-80117.62568128815 1106.1739431401888 
-67339.20768203883 764.7967564189288 
-80089.91820943094 1172.9720809708751 
-73305.36047187705 766.6288445032336 
-73442.58200367658 869.1825288466073 
-78775.26247788743 874.7819995424746 
-79398.01403676151 1140.7828650634226 
-79281.7108639096 950.1761126559833 
-67994.18216408446 765.0287549991076 
-79039.4839168077 946.9458188828107 
