-49844.39979852554 1121.6252920041204 
-42765.36857595409 1018.0800407836193 
-44453.82581300009 1257.0925018101757 
-49039.19143481992 1332.9873519527223 
-45159.624110896 1329.0001075961138 
-39246.43081816989 1027.428937969165 
-43605.68290232294 1328.8590034545987 
-43176.49983670276 1286.3480073939686 
-44896.57493754315 1337.9732762686149 
-35871.57651656133 1101.9677827189298 
-42608.830469481385 1319.9722668880254 
-43841.564752797894 1358.3511267360182 
-33942.55606330934 1151.8638933109992 
-39191.8980920135 1349.789397561521 
-43679.47920652273 1367.4855340408546 
-33174.21949483097 1158.8061531646727 
-33499.73636737983 1200.9860682175097 
-43672.00343003594 1487.5126296118422 
-30096.972832686446 1191.5073088040674 
-32316.665446490617 1283.7146464988778 
