-68644.11474198093 1038.1604032523248 
-77078.61198730145 1177.0282945800213 
-65411.37899140199 1035.2664284972575 
-68644.11474198093 1038.1604032523248 
-63494.01511467742 880.8054004140872 
-63523.17321846564 943.282359571262 
-53593.912523823084 933.140249131562 
-60908.12193373537 1082.1697125598505 
-54892.089332761636 1020.126934662073 
-52562.42175428362 1011.0828601644616 
-49481.68960048578 937.537168142467 
-50446.61833735042 1002.896285292716 
-54688.12052161272 1208.5203849240281 
-51737.72681079272 1058.502958147393 
-48773.35990426813 947.3618286337564 
-49606.06231621311 1036.4838631681164 
-54346.66599077075 1254.9031875368717 
-54227.097086569825 1230.1399793614764 
-51471.54538307098 1172.064330170813 
-48176.522667708115 956.6366297803795 
