-52562.42175428362 1011.0828601644616 
-54346.66599077075 1254.9031875368717 
-49844.39979852554 1121.6252920041204 
-42765.36857595409 1018.0800407836193 
-49606.06231621311 1036.4838631681164 
-50861.30650355854 1159.0181349873924 
-42765.36857595409 1018.0800407836193 
-48691.47417790232 1071.4336950225475 
-49039.19143481992 1332.9873519527223 
-49039.19143481992 1332.9873519527223 
-49039.19143481992 1332.9873519527223 
-39246.43081816989 1027.428937969165 
-48061.336757286124 1095.484187149202 
-47676.580535770554 1225.7281630886641 
-47009.21851532004 1096.7101659724242 
-47894.6664627076 1273.5734722758975 
-46365.72993796675 1232.0541606008992 
-38640.998547704155 1101.7705222643233 
-45816.45963424233 1117.4331252045306 
-45880.240417788256 1187.6057473631724 
