-67654.38230491967 629.1018972961663 
-84816.74027357377 654.9966829448341 
-86788.24594552636 758.8444109839477 
-68729.21015399028 629.2361877155595 
-85923.6371941145 674.3374195421329 
-86413.17895962547 674.8475571801837 
-76507.25000881313 629.7365553880786 
-91515.89228768506 1319.0417940522232 
-84254.64182413774 656.4656877940897 
-86433.70925519575 867.8363998441197 
-84356.62863080358 741.3706213032685 
-84424.61367011644 827.8733571527569 
-69663.41305007935 632.0027203188388 
-67593.57486247776 629.9876488427678 
-90404.74509250197 1324.3197897333623 
-67105.45813470593 630.0962442015799 
-89515.04994334477 1326.3053085314789 
-83908.41182305093 657.642778577623 
-89101.91991962647 1325.883928854233 
-68863.98320824768 632.9703087497934 
