-49844.39979852554 1121.6252920041204 
-42765.36857595409 1018.0800407836193 
-49606.06231621311 1036.4838631681164 
-39246.43081816989 1027.428937969165 
-49039.19143481992 1332.9873519527223 
-41468.616895931875 1206.038030767594 
-46365.72993796675 1232.0541606008992 
-42988.08992251486 1219.3726923743425 
-49039.19143481992 1332.9873519527223 
-49039.19143481992 1332.9873519527223 
-35871.57651656133 1101.9677827189298 
-45654.96402520145 1246.4717122623103 
-46350.318564738925 1307.565191173131 
-44711.48347747522 1242.4713420173866 
-46006.61436767044 1284.6871634638826 
-42317.755324564496 1228.0159785318624 
-32622.940141429823 1139.0181825170616 
-45159.624110896 1329.0001075961138 
-44453.82581300009 1257.0925018101757 
-33942.55606330934 1151.8638933109992 
