-67654.38230491967 629.1018972961663 
-84816.74027357377 654.9966829448341 
-68729.21015399028 629.2361877155595 
-85923.6371941145 674.3374195421329 
-86413.17895962547 674.8475571801837 
-76507.25000881313 629.7365553880786 
-91515.89228768506 1319.0417940522232 
-89055.04149447188 1247.3265148129783 
-84753.3935825046 650.0635274256592 
-84753.3935825046 650.0635274256592 
-90404.04786979638 1305.979721935402 
-66197.85413291765 619.3924854619329 
-88449.21749362117 678.279405018354 
-90404.74509250197 1324.3197897333623 
-63414.00596147634 622.0437652239775 
-86788.24594552636 758.8444109839477 
-72654.52685861995 654.7905814403161 
-84254.64182413774 656.4656877940897 
-84656.23675385973 658.4131900199549 
-69663.41305007935 632.0027203188388 
