-49844.39979852554 1121.6252920041204 
-33174.21949483097 1158.8061531646727 
-33499.73636737983 1200.9860682175097 
-44453.82581300009 1257.0925018101757 
-43605.68290232294 1328.8590034545987 
-28583.311555022632 1275.5393021230275 
-43672.00343003594 1487.5126296118422 
-43050.454218168496 1370.232497943981 
-43256.01143381982 1379.7167362261891 
-39191.8980920135 1349.789397561521 
-42657.97631712338 1379.1109482012446 
-43089.63624470554 1381.879626093626 
-42749.65259599882 1379.77471859776 
-43162.35219154386 1503.8775380846637 
-42663.652926457195 1379.769978860526 
-42754.011127064514 1385.2821598148935 
-42601.80887738823 1386.459361533242 
-42633.58562975539 1395.073825880936 
-42674.808261395425 1398.534344919931 
-42324.97903093179 1388.6031706643782 
