-67654.38230491967 629.1018972961663 
-68729.21015399028 629.2361877155595 
-76507.25000881313 629.7365553880786 
-84753.3935825046 650.0635274256592 
-84753.3935825046 650.0635274256592 
-88449.21749362117 678.279405018354 
-94256.56130950694 1232.5738856458627 
-66518.21004113516 618.9014926525725 
-84856.47733675083 651.3286088696102 
-86862.76112794994 668.6567027951451 
-84417.94719813734 648.7231102499845 
-74314.4852874099 629.5011786392839 
-79839.50183648967 632.9207078769007 
-93242.90013691917 1312.117426420695 
-93242.90013691917 1312.117426420695 
-66197.85413291765 619.3924854619329 
-86413.17895962547 674.8475571801837 
-89055.04149447188 1247.3265148129783 
-79734.4828417171 633.0292529832578 
-84310.91348646476 654.1993315921554 
