-77439.16449027859 982.708389710935 
-76560.21854611233 982.1184843671567 
-81753.75106722006 1386.0422131716462 
-80089.91820943094 1172.9720809708751 
-79398.01403676151 1140.7828650634226 
-73305.36047187705 766.6288445032336 
-78911.76550780801 983.2224596262638 
-74495.6871128248 982.6209375084151 
-79454.48410406383 1176.3568921440908 
-79656.05365033381 1185.9816099927277 
-71585.63629679613 838.3450388225198 
-72668.5234191776 966.9752319754084 
-72476.02597273391 901.1967077829715 
-72668.5234191776 966.9752319754084 
-70152.89160927088 833.9924431590558 
-78894.97292032876 984.9759942203989 
-63494.01511467742 880.8054004140872 
-63494.01511467742 880.8054004140872 
-78480.22472820121 985.8976013503645 
-71914.14823050956 964.532966107733 
