-91130.75166564835 655.2442199285267 
-91467.78643621002 1150.3933798878163 
-94246.63637888736 1228.1552459376037 
-92449.3728845667 1162.5875306299702 
-95408.0581691643 1229.6789738222299 
-92151.58985306465 1154.0858117189305 
-86380.94935352968 589.0517992977867 
-90620.0693540193 639.1350552178361 
-77760.49039769838 472.587454766861 
-92449.3728845667 1162.5875306299702 
-93819.76119065269 1180.5775136547757 
-85246.13913711613 576.0843658671055 
-83018.1988919733 482.12386130768465 
-94504.32426567278 1233.694254357565 
-76685.57715844766 477.940939875525 
-90489.54853425204 655.4187535715303 
-94059.46937302378 1229.0682424889685 
-82526.36460654787 566.9141768615249 
-86392.65638018174 640.7284282183319 
-85180.85971532301 576.2923574293171 
