-67654.38230491967 629.1018972961663 
-84816.74027357377 654.9966829448341 
-68729.21015399028 629.2361877155595 
-85923.6371941145 674.3374195421329 
-86413.17895962547 674.8475571801837 
-76507.25000881313 629.7365553880786 
-89055.04149447188 1247.3265148129783 
-84753.3935825046 650.0635274256592 
-84753.3935825046 650.0635274256592 
-66197.85413291765 619.3924854619329 
-88449.21749362117 678.279405018354 
-86413.17895962547 674.8475571801837 
-89357.56449455896 1248.0217500164217 
-89055.04149447188 1247.3265148129783 
-93242.90013691917 1312.117426420695 
-91845.75038097106 1304.0583681454757 
-93242.90013691917 1312.117426420695 
-63414.00596147634 622.0437652239775 
-91515.89228768506 1319.0417940522232 
-86321.95611159969 767.3689516032026 
