-49844.39979852554 1121.6252920041204 
-33174.21949483097 1158.8061531646727 
-33499.73636737983 1200.9860682175097 
-44453.82581300009 1257.0925018101757 
-49039.19143481992 1332.9873519527223 
-43605.68290232294 1328.8590034545987 
-28583.311555022632 1275.5393021230275 
-42608.830469481385 1319.9722668880254 
-43841.564752797894 1358.3511267360182 
-26900.366579086785 1275.7098548412391 
-39191.8980920135 1349.789397561521 
-43679.47920652273 1367.4855340408546 
-25121.555961633774 1366.503571584149 
-43672.00343003594 1487.5126296118422 
-43050.454218168496 1370.232497943981 
-43508.59757778472 1372.5951957768366 
-43512.07454260426 1497.3238117044787 
-43256.01143381982 1379.7167362261891 
-42657.97631712338 1379.1109482012446 
-43162.35219154386 1503.8775380846637 
