-78015.47028881712 736.9596229877399 
-76798.96334068851 723.730628960989 
-77291.54139456063 735.6719975955866 
-81476.75256646113 863.0316138499101 
-82187.00445983635 869.8523991656222 
-67654.38230491967 629.1018972961663 
-80017.45597216269 767.7646115147951 
-89101.91991962647 1325.883928854233 
-71666.88633027021 709.5086247156661 
-69663.41305007935 632.0027203188388 
-80101.24762385798 770.9143039992998 
-82172.32620260045 1352.9776807740477 
-61658.91764199746 718.8229666338885 
-82150.21031388751 872.2883244724159 
-74766.93971792822 726.4916523440997 
-65887.67873034636 725.1959690825859 
-80026.19880523978 809.5844301567654 
-77393.32487891942 749.3715891913474 
-64723.52821759119 723.71161823187 
-80871.57066012347 869.2705378801885 
