-81753.75106722006 1386.0422131716462 
-75402.07924938807 730.9662493204904 
-80864.65480975418 869.6939114901497 
-78140.0961684649 869.5566845587382 
-78015.47028881712 736.9596229877399 
-79748.6664108688 872.9073892139509 
-80828.079314405 972.5729761311022 
-79230.93796093528 871.4736231290178 
-77953.24370711869 868.3913352068755 
-77006.22840656758 760.9929895169054 
-72525.70599827006 737.5259926928253 
-80117.62568128815 1106.1739431401888 
-80117.62568128815 1106.1739431401888 
-59355.40190697087 745.8184484044314 
-74069.19347594553 762.5788451463793 
-61657.01755599731 753.6075738245537 
-79281.7108639096 950.1761126559833 
-77008.83891028693 870.7778867173278 
-78600.46827212609 879.6826461677525 
-74069.19347594553 762.5788451463793 
