-49844.39979852554 1121.6252920041204 
-33174.21949483097 1158.8061531646727 
-33499.73636737983 1200.9860682175097 
-43605.68290232294 1328.8590034545987 
-28583.311555022632 1275.5393021230275 
-43050.454218168496 1370.232497943981 
-43256.01143381982 1379.7167362261891 
-42657.97631712338 1379.1109482012446 
-43089.63624470554 1381.879626093626 
-42749.65259599882 1379.77471859776 
-43162.35219154386 1503.8775380846637 
-42663.652926457195 1379.769978860526 
-42601.80887738823 1386.459361533242 
-42633.58562975539 1395.073825880936 
-42324.97903093179 1388.6031706643782 
-42600.14104836149 1391.7985287572728 
-42324.97903093179 1388.6031706643782 
-42230.627992100155 1393.811039744146 
-42230.627992100155 1393.811039744146 
-42230.627992100155 1393.811039744146 
