-77078.61198730145 1177.0282945800213 
-65411.37899140199 1035.2664284972575 
-63494.01511467742 880.8054004140872 
-63523.17321846564 943.282359571262 
-70294.05365185613 1036.596191663492 
-65093.36245773413 1034.6573510591875 
-72167.03343764567 1152.3061475502254 
-57112.1497486283 889.545510343193 
-61667.082819074494 922.9125235249701 
-61843.80359960167 972.2152152046453 
-68644.11474198093 1038.1604032523248 
-68644.11474198093 1038.1604032523248 
-63360.078487672516 1035.8720343984585 
-53593.912523823084 933.140249131562 
-60275.89600307308 967.2106875343 
-65870.34579062887 1041.454444621663 
-67850.03628209297 1229.2338412317279 
-49481.68960048578 937.537168142467 
-60908.12193373537 1082.1697125598505 
-54892.089332761636 1020.126934662073 
