-67654.38230491967 629.1018972961663 
-69663.41305007935 632.0027203188388 
-84816.74027357377 654.9966829448341 
-90404.74509250197 1324.3197897333623 
-86433.70925519575 867.8363998441197 
-63535.17450317265 638.2524064399933 
-64756.762212941765 651.9541869124789 
-82433.40573233091 693.2294594520789 
-70244.35201476615 680.6418467904466 
-89101.91991962647 1325.883928854233 
-83707.23372474215 1304.862429329357 
-62734.31913965126 651.1797774765926 
-78015.47028881712 736.9596229877399 
-76798.96334068851 723.730628960989 
-77291.54139456063 735.6719975955866 
-82187.00445983635 869.8523991656222 
-71666.88633027021 709.5086247156661 
-81610.69771885443 756.3371819401077 
-61758.98377169286 666.395753050709 
-82172.32620260045 1352.9776807740477 
