-78894.97292032876 984.9759942203989 
-71585.63629679613 838.3450388225198 
-79454.48410406383 1176.3568921440908 
-77439.16449027859 982.708389710935 
-72668.5234191776 966.9752319754084 
-76560.21854611233 982.1184843671567 
-81753.75106722006 1386.0422131716462 
-72476.02597273391 901.1967077829715 
-79656.05365033381 1185.9816099927277 
-72668.5234191776 966.9752319754084 
-78480.22472820121 985.8976013503645 
-63494.01511467742 880.8054004140872 
-63494.01511467742 880.8054004140872 
-63494.01511467742 880.8054004140872 
-67820.75188146265 883.8541492172336 
-63494.01511467742 880.8054004140872 
-71914.14823050956 964.532966107733 
-71468.21736633214 911.4857485283952 
-78304.35176919702 1176.0235677095616 
-64364.549694723944 888.7759399798637 
