-80864.65480975418 869.6939114901497 
-78140.0961684649 869.5566845587382 
-78015.47028881712 736.9596229877399 
-82150.21031388751 872.2883244724159 
-64723.52821759119 723.71161823187 
-61658.91764199746 718.8229666338885 
-76798.96334068851 723.730628960989 
-77291.54139456063 735.6719975955866 
-79230.93796093528 871.4736231290178 
-77953.24370711869 868.3913352068755 
-81753.75106722006 1386.0422131716462 
-79748.6664108688 872.9073892139509 
-80828.079314405 972.5729761311022 
-75402.07924938807 730.9662493204904 
-72500.41177929996 730.2504036057322 
-67206.66157835111 729.0302678963527 
-77006.22840656758 760.9929895169054 
-75955.0421252634 759.6741422965123 
-80117.62568128815 1106.1739431401888 
-80117.62568128815 1106.1739431401888 
