-63494.01511467742 880.8054004140872 
-64364.549694723944 888.7759399798637 
-71914.14823050956 964.532966107733 
-78894.97292032876 984.9759942203989 
-63523.17321846564 943.282359571262 
-57112.1497486283 889.545510343193 
-61667.082819074494 922.9125235249701 
-63275.9358732246 931.2055132571438 
-77078.61198730145 1177.0282945800213 
-65411.37899140199 1035.2664284972575 
-70294.05365185613 1036.596191663492 
-65093.36245773413 1034.6573510591875 
-76407.14663282876 1143.3132398198845 
-75131.06750856125 1093.414124762929 
-77680.11390718108 1177.9089450319937 
-53593.912523823084 933.140249131562 
-73916.8963226884 1146.946351235191 
-72144.49311228894 1128.664998777012 
-68644.11474198093 1038.1604032523248 
-60275.89600307308 967.2106875343 
