-540.0456219064404 -82.57451812589636 
-428.7360582388382 -128.97688675174825 
-540.0456219064404 -82.57451812589636 
-540.0456219064404 -82.57451812589636 
-296.9520618043471 -145.62797297466415 
-416.91071794712116 -133.29684405661533 
-514.4041736284117 -102.27826551444576 
-372.112704695573 -139.14257652861662 
-461.6654859725669 -123.04850366569475 
-461.6654859725669 -123.04850366569475 
-392.2080396636631 -137.85645432937403 
-371.6149939217093 -141.11755645618067 
-296.9520618043471 -145.62797297466415 
-551.0588498834743 -81.07056908579773 
-586.3647636741742 -51.826178388152755 
-423.9754626462013 -131.4241580006918 
-427.7725188494 -129.5195741747517 
-465.6631760556747 -121.86128392817908 
-443.1859043453685 -125.44802674262986 
-512.7287611512928 -102.89403959657369 
-282.2600377482867 -147.65836358406017 
-265.2016095589124 -147.67199086321327 
-498.1594523171547 -109.81194108683181 
-566.3972008977461 -65.63445980821893 
-551.4046062440475 -81.00492657337401 
-470.27468813194133 -120.07682967898126 
-569.9799272662336 -56.13975217197207 
-560.6862522607581 -74.83831462134461 
-561.9703422402014 -67.50881411122411 
-586.3647636741742 -51.826178388152755 
-495.82995968307677 -112.5460978057352 
-505.7376501323505 -107.87695389376408 
-385.45379998407446 -138.56135045564744 
-540.0456219064404 -82.57451812589636 
-490.12337979367857 -113.36592621599435 
-393.9568880121852 -136.09316312387207 
-372.37968969927203 -139.1369010584482 
-438.48437043627007 -126.17595625509408 
-509.974132621301 -103.06777940653488 
-488.67347524871457 -114.97331735025624 
-416.09541677723223 -134.4749172939027 
-396.15320323194504 -135.72871562422068 
-385.13737110079035 -138.76903179001013 
-371.99782881014113 -139.39126996246972 
-477.38643159465664 -117.3957842624964 
-423.3904628078518 -132.14747861401267 
-465.6631760556747 -121.86128392817908 
-264.5886727711568 -148.13884310796607 
-418.45369008364935 -132.17186555381667 
-542.6747435450709 -82.28581162194945 
-394.87516498818417 -135.8550910067881 
-584.568515499111 -55.699161821784514 
-556.7926237259777 -80.46033540855137 
-509.5367188919422 -103.58345887195985 
-416.91071794712116 -133.29684405661533 
-586.789861360592 -48.20172620147485 
-503.26350673089865 -109.19014930331673 
-353.46251108666587 -144.34751095034744 
-537.5741976099248 -94.86634511657826 
-415.8048821966058 -134.5268983055251 
-458.0796079350277 -123.99570627498971 
-409.43288039678504 -135.70017836938192 
-525.8739323080941 -101.16859097936646 
-262.87449690030104 -149.20444517651882 
-566.8706806690947 -65.24830077924713 
-367.389965033336 -144.09926150859525 
-586.3647636741742 -51.826178388152755 
-461.6654859725669 -123.04850366569475 
-262.19380379350054 -149.6216074250325 
-392.72442932692877 -137.7764879968407 
-602.4593323427057 -16.26586657807937 
-379.93487319960883 -138.88995697479757 
-461.76790278625936 -122.14114489118475 
-544.1574722637515 -81.33963048938128 
-514.3934064490273 -102.27962666148339 
-539.5227374165303 -82.70890979645745 
-428.22465312709056 -126.27213733967403 
-428.2300825524879 -126.26913203992527 
-368.4457664588812 -140.80680033076845 
-296.7454246157252 -144.4517600761977 
-427.45886630486825 -129.16564439758355 
-426.0990413615208 -129.37766794297076 
-282.24876831882875 -147.6567963595065 
-568.3987638823745 -56.05162077564671 
-559.3729327153864 -72.28962458135092 
-560.5942394815584 -69.77054861791986 
-560.5942394815584 -69.77054861791986 
-495.1773565416265 -112.20080834734424 
-504.4229182305681 -107.1741707352015 
-539.9735422925501 -82.4681698730508 
-436.634506389683 -124.15685752837781 
-435.98945630406166 -125.23970195693639 
-481.5521104202875 -114.3623118413539 
-481.7473983096847 -113.38623921472299 
-482.44588064644876 -113.20725576169463 
-481.7473983096847 -113.38623921472299 
-415.90124873939004 -134.06701336504645 
-384.8472650482193 -138.63953947976256 
-384.8472650482193 -138.63953947976256 
-384.8472650482193 -138.63953947976256 
-368.96065137435386 -139.073668175024 
-368.70291127641536 -139.08423476854747 
-368.70291127641536 -139.08423476854747 
-476.17032542212837 -117.20718343754058 
-477.3606037288674 -115.52381922136227 
-419.24784382710425 -131.7995082582137 
-422.59695859458907 -131.7313842986582 
-465.480652724153 -117.97593826240144 
-418.01793583164664 -132.04902264407212 
-394.29078526997364 -135.8457552004793 
-394.29078526997364 -135.8457552004793 
-394.29078526997364 -135.8457552004793 
-569.3116980302759 -52.16862989481585 
-569.3116980302759 -52.16862989481585 
-568.5441526138754 -54.93850964101503 
-552.7351555938948 -78.26706870063006 
-552.7351555938948 -78.26706870063006 
-547.621727904512 -79.91894710030024 
-507.14640570205205 -103.29254502690048 
-508.4456294700918 -102.55962863708123 
-416.3383029159889 -133.15292194572442 
-416.3383029159889 -133.15292194572442 
-344.1826011224694 -144.33700491071204 
-537.4441432004875 -83.38353451253934 
-533.9472013867409 -86.30584679140063 
-529.4969694471245 -91.79297508529488 
-528.6449864268371 -92.25200371317109 
-537.4441432004875 -83.38353451253934 
-533.6866063099247 -89.47442643768858 
-535.353801002488 -85.34963703649771 
-413.6394848715984 -134.43478672764164 
-442.8253388965895 -123.90966215671752 
-396.9572163204599 -135.0354069784226 
-525.5328886232401 -93.8989013294634 
-518.9175537680354 -100.55699450982311 
-565.7226378750382 -61.286313494255886 
-562.3744078429611 -64.36318940525761 
-347.7903089798174 -143.7207537186199 
-365.77498130896726 -141.71584628641577 
-364.939880856552 -142.26116724050237 
-365.77498130896726 -141.71584628641577 
-353.7134683131641 -143.68416125820502 
-584.9946322283768 -47.72723219365666 
-577.4672884552405 -51.06275896547169 
-457.92536364674123 -123.02405766120212 
-261.8978430282883 -149.41458619303754 
-261.8978430282883 -149.41458619303754 
-261.51141466933296 -149.533837577396 
-261.8978430282883 -149.41458619303754 
-261.51141466933296 -149.533837577396 
-392.5449930497423 -136.8605394170655 
-392.5449930497423 -136.8605394170655 
-391.59363931448735 -137.26656923268004 
-596.7990394029799 23.450008495040343 
-596.7696346595411 8.146157359120998 
-588.0411342908333 -14.132848430644387 
-594.144972625827 -13.38640709355181 
-371.9668050810645 -138.66034886592533 
-371.9668050810645 -138.66034886592533 
-458.79565595133454 -120.11720694513464 
-540.8781809435278 -80.2039874782148 
-511.88518077610695 -101.75396433659469 
-248.74618332115034 -149.13075513374085 
-596.643416765537 34.20726317841422 
-569.2798254240647 -27.277009187698653 
-457.2779287438147 -120.6217223560566 
-428.3727801877188 -125.12852999806645 
-569.161419523189 -52.126344122714954 
-347.5098140799424 -143.70272290349374 
-296.9558439397727 -144.0508673967137 
-560.3654125808844 -63.696897308039354 
-593.9281303037076 9.576068515023515 
-365.7707759411544 -141.71401127695864 
-577.6067492653514 -21.619680156771125 
-280.81037736500014 -145.41479377073998 
-413.04163059977856 -134.27747540662466 
-483.9404385100689 -109.69775993969242 
-593.3227820183175 -6.115111432325193 
-587.208909833809 -13.032881670530571 
-384.8472180870265 -138.63953855295753 
-566.1958625392091 -53.00251190567515 
-593.7170257187701 8.4435570050574 
-552.9411686518858 -72.19229349239261 
-474.178389248028 -116.36830467376767 
-391.26883173051255 -136.41660147386628 
-544.8309114556188 -79.69444295580149 
-476.1217322333352 -115.75272720603097 
-498.0283871970989 -106.88209592589533 
-518.4473381086906 -92.88170603821081 
-261.3133647389448 -147.5842867947004 
-421.5473738861219 -129.38464877312117 
-296.64871490775784 -144.44111924772773 
-347.61991688415685 -143.66387569608605 
-533.3235890057936 -89.3754479727502 
-419.33726198648606 -130.31117562558305 
-550.2772154386927 -74.50871188331607 
-587.3457418804808 -10.373675061657337 
-538.0989504912721 -81.63898871890532 
-591.4564745391312 -7.281691744818119 
-528.4809452393031 -92.12982926129564 
