-50.279518867305754 -145.30252660403357 
-72.56172839391658 -125.1148642221163 
-45.914181493803966 -145.80659420739585 
-71.14431471167893 -127.81328962859065 
-53.52772030797849 -139.67022203069698 
-48.39000413396152 -145.45311255236834 
-63.58698051281507 -134.61770302996123 
-45.65650499646935 -148.71028544875466 
-30.46580569854414 -156.84540190863547 
-87.34824210142521 -75.98424736901002 
-87.79748966872623 -72.56676117772801 
-43.52100823289213 -153.7410359734527 
-67.86910164491387 -132.15592827036593 
-78.11622608928057 -89.71073679223691 
-81.2565921779212 -82.27890712190114 
-89.04263751080035 -67.79892325335807 
-61.52567894571719 -136.18205449471364 
-82.32214237035902 -78.4950999380489 
-51.39405181331418 -142.4806604978315 
-60.57801763216739 -138.50702880154995 
-61.748485198623214 -134.96103610725464 
-69.674376464516 -128.8527810544278 
-6.993241299501104 -155.93620279386357 
-87.26444238339057 -73.83288716923538 
-73.6754283911338 -85.78861042757136 
-70.13530296012499 -126.06779998144759 
-56.778705919961105 -137.90465780488523 
-17.70208721063291 -153.44402500432597 
-44.004153557252096 -145.73514517861273 
-81.52116305922488 -77.4417962550232 
