-5468.792760905295 -1206.2363370476182 
-7872.464391499107 -122.22461511935296 
-8932.575151955432 677.9206941093555 
-6640.829827579483 -709.1694196430279 
-6870.270640138844 -542.2130606781569 
-14358.847797038572 2862.644204725765 
-5222.552381801969 -732.3965775243973 
-4192.542188080541 -943.0979949726518 
-7403.514082368596 525.8417269723168 
-7035.083842056762 54.89403221760966 
-8179.65101965751 1145.274543466136 
-5688.836663907407 -642.9182121703503 
-6604.5421352644535 -623.7720510473057 
-4592.019135168496 -701.7022067033491 
-4118.920830344817 -782.9958091308254 
-7338.580464132127 717.9289238040199 
-6860.456284635092 432.6841202558956 
-6598.770498177164 -554.2531005337687 
-5438.098537336782 -616.2005364702673 
-4009.4100664691896 -633.1131401778275 
-3533.1255838441043 -659.0321557351682 
-3305.1089999927763 -749.8974147327121 
-6582.465524313747 1056.0721216334534 
-6343.187214195051 -319.9223572447877 
-6299.7347548350635 -546.2252350788552 
-4380.31856457097 -546.2438258134229 
-3938.289870641832 -579.0538162407408 
-3321.1961541272317 -608.8151169560754 
-5854.162277259789 -477.71238086154506 
-4571.235504993476 -536.3930502492652 
-5036.736802518717 -508.77947464908993 
-5161.314901344514 -506.52596909269676 
-6170.03131501431 2565.5063814148207 
-6127.747214262867 -453.6531318990782 
-3583.2650381828835 -577.8366693275448 
-3589.220419278394 -560.6522576178262 
-4793.288350360647 -507.16676019847796 
-6040.832775963465 38.074971085917696 
-6051.80362682241 393.21652935261415 
-5922.294372505363 -411.9433303741814 
-5780.328211404342 -453.2507871254411 
-6020.513920899375 -92.68884144789189 
-3524.892395297858 -562.6414288976443 
-4359.424689924044 -499.90794572108894 
-5918.77872530811 -293.86140507669336 
-5727.456269702308 -424.804970572608 
-5012.913751058427 -436.9136308662819 
-4291.325580699608 -440.13340359007805 
-4089.242457130873 -458.94287254811684 
-5748.892393209444 -101.69173850911227 
-5851.964376068584 386.91333425801497 
-5876.976697750942 920.6123545276065 
-5903.468225671387 1931.4489260757152 
-5535.372848370985 -411.5645566403206 
-3944.715646083292 -454.2369717312673 
-5714.938693538371 4758.788650588583 
-5696.873075594023 2054.988252964571 
-5105.007201879136 -377.66614855044054 
-5456.4379196029095 -237.6810195061853 
-5477.358971812215 143.85511331505694 
-5488.283805367167 555.5860445811887 
-4245.94826820846 -399.714804639113 
-3584.6854669656873 -453.64934692496865 
-3619.321902977895 -446.90616010569283 
-5041.737352638363 -300.70455568347506 
-4254.249685884912 -374.9270113374847 
-4749.01489615434 -362.2678550267883 
-4909.172196060449 -303.18780517233506 
-5447.123419789339 -117.78457912187326 
-3304.232376034536 -403.7196097115218 
-3897.597359066016 -373.6342434415608 
-4517.43328702638 -204.05740158128697 
-4235.421001650407 -238.15740127052868 
-5168.51254389855 -4.624543807148768 
-5315.067376571571 4233.289991395489 
-4990.26948365912 -78.31598680840568 
-2853.990629822088 -371.47781033697424 
-5103.287547728617 345.5651541037866 
-4911.966590688502 218.53449268515908 
-4538.184065012772 -48.24226863050643 
