-3599.9372812705183 170327.54033059572 
-490.04441180524316 -2762.08219250761 
32.83743457243804 -8822.354806375119 
-3605.5206395404193 194809.81808928112 
165.60605418549423 -14667.797161140916 
-206.49641042878082 -7301.741114261981 
-83.64624707334056 -8525.326274187195 
152.14108303792167 -11040.813717712075 
-786.5614593835899 8927.567884870328 
-1828.3026819276356 193689.22288964767 
39.17518503642415 -8777.852591206243 
39.17518503642415 -8777.852591206243 
-2398.0906645457844 200838.84854394963 
271.16951259697765 -14311.061211404169 
227.02106356373088 -14271.102729450453 
176.62324776279405 -13750.312317906964 
188.06373543431005 -14165.718715208744 
-161.0439275764356 -3128.392353430514 
-193.80165100509782 -169.49027270081518 
19.84651507045359 -3309.036539583025 
164.74484596927476 -10940.60288769507 
-776.589137727409 36618.4288077545 
-776.589137727409 36618.4288077545 
-779.6616327096375 40502.23009146057 
-228.97865241852128 28544.344536524706 
-413.9252448353416 36609.63019919841 
360.86295750548175 -14248.894985223302 
-690.5639217201028 197477.54774362085 
-651.4771464052178 97395.04507410123 
-409.8175050134042 87974.5731853069 
