-3599.9372812705183 170327.54033059572 
-3605.5206395404193 194809.81808928112 
165.60605418549423 -14667.797161140916 
-786.5614593835899 8927.567884870328 
-778.7152709594578 -4048.351163189738 
-173.52773367872217 -12647.964774891669 
-242.03440155935073 -12305.255744281698 
-1935.6399160187996 180893.3765469009 
-2398.0906645457844 200838.84854394963 
176.62324776279405 -13750.312317906964 
188.06373543431005 -14165.718715208744 
193.7958522548601 -14199.488758160045 
221.45020520709855 -14276.880071890655 
233.848431065179 -14396.461054157931 
-779.6616327096375 40502.23009146057 
-490.04441180524316 -2762.08219250761 
-776.589137727409 36618.4288077545 
-776.589137727409 36618.4288077545 
-675.7053307784545 -382.65678777513125 
-764.325504739158 10627.229805933435 
-329.92598360015046 -3716.4544860730557 
-113.76486180687363 -12387.44737496324 
-206.49641042878082 -7301.741114261981 
-235.1549672414036 -4772.167665633594 
-208.05544518412017 -6593.421535792476 
-154.9133394441947 -11775.804403381075 
-185.1194878072195 -10386.748215232981 
-1828.3026819276356 193689.22288964767 
271.16951259697765 -14311.061211404169 
-651.4771464052178 97395.04507410123 
