220.87877441464215 -4767.332488871569 
296.06233664102274 32628.69316380338 
-2398.0906645457844 200838.84854394963 
611.3453288628255 4113.555550507416 
407.5157439859109 150766.90657910047 
-264.44600594983035 199914.94354931198 
708.812770729825 89520.43560777023 
392.1405132718361 -9516.099799865284 
6122.022140344825 174605.17940979975 
2004.3353034549493 198297.49896808396 
537.5843521255285 8912.59400808878 
1668.2157374361384 30077.51501799366 
618.9563329904647 26341.820702232555 
455.47666646068313 39085.25471889328 
8495.053925453172 171869.52133892896 
1151.7986623575066 70943.60409228623 
177.3003651443602 1668.312512353242 
1026.6056537343397 39914.5287354045 
926.7136820849332 54913.22415519874 
512.2902327365116 -5053.088064962581 
521.3192962133985 -8294.11235548214 
592.6833651174284 82818.4715425275 
1244.244710863751 72069.0645056619 
1259.179767496303 37731.510220965014 
825.4419760587226 107369.73966182636 
665.2568044693936 3716.0590213370606 
7240.391384341243 200712.304987377 
181.34686934131943 72129.52718948395 
334.72733045328744 41458.53387666773 
280.02779668392765 -5087.344303363219 
