-3599.9372812705183 170327.54033059572 
-3605.5206395404193 194809.81808928112 
-786.5614593835899 8927.567884870328 
-778.7152709594578 -4048.351163189738 
-173.52773367872217 -12647.964774891669 
-242.03440155935073 -12305.255744281698 
-875.137558456772 41536.06933557817 
227.38522027483032 -15818.067517743139 
-496.33537168383 -7643.17110339097 
249.8259338798791 -16481.51210405282 
-242.06429171434047 -10202.955198579028 
-789.1255984643926 12888.863382661977 
-248.95434746072786 -8141.976758907256 
-120.27394659125066 -15174.998830321574 
-1935.6399160187996 180893.3765469009 
-2398.0906645457844 200838.84854394963 
-675.7053307784545 -382.65678777513125 
-764.4905876950984 9223.259631520199 
-154.9133394441947 -11775.804403381075 
-149.99410688358853 -11959.627398235923 
-218.23503683836154 -10676.403568483982 
-490.04441180524316 -2762.08219250761 
-329.92598360015046 -3716.4544860730557 
-255.41452489848 -3767.312718944186 
-786.3070355027396 20170.93111167361 
-235.1549672414036 -4772.167665633594 
165.60605418549423 -14667.797161140916 
-113.76486180687363 -12387.44737496324 
-762.9535516753042 14254.454179002045 
227.50647788726437 -14611.066043761035 
