-3599.9372812705183 170327.54033059572 
-3605.5206395404193 194809.81808928112 
165.60605418549423 -14667.797161140916 
-206.49641042878082 -7301.741114261981 
-786.5614593835899 8927.567884870328 
-778.7152709594578 -4048.351163189738 
-235.1549672414036 -4772.167665633594 
-173.52773367872217 -12647.964774891669 
-1828.3026819276356 193689.22288964767 
-2398.0906645457844 200838.84854394963 
271.16951259697765 -14311.061211404169 
227.02106356373088 -14271.102729450453 
176.62324776279405 -13750.312317906964 
188.06373543431005 -14165.718715208744 
193.7958522548601 -14199.488758160045 
-182.56307984809237 -5925.61737491194 
-779.6616327096375 40502.23009146057 
-490.04441180524316 -2762.08219250761 
-776.589137727409 36618.4288077545 
-776.589137727409 36618.4288077545 
-675.7053307784545 -382.65678777513125 
-764.325504739158 10627.229805933435 
-130.83585679610613 -7871.916853418382 
-113.76486180687363 -12387.44737496324 
-815.7082896323559 199426.4030758512 
360.86295750548175 -14248.894985223302 
-651.4771464052178 97395.04507410123 
-629.8129111357875 20459.4134356824 
-690.5639217201028 197477.54774362085 
-391.9111103976013 11036.138005929432 
