-3599.9372812705183 170327.54033059572 
-3605.5206395404193 194809.81808928112 
-786.5614593835899 8927.567884870328 
-778.7152709594578 -4048.351163189738 
-173.52773367872217 -12647.964774891669 
-242.03440155935073 -12305.255744281698 
-875.137558456772 41536.06933557817 
249.8259338798791 -16481.51210405282 
-242.06429171434047 -10202.955198579028 
-789.1255984643926 12888.863382661977 
-120.27394659125066 -15174.998830321574 
-518.0326401510933 -9523.131598517042 
178.68586652758358 -15982.370112007386 
172.71820064951413 -15513.909699267577 
-2398.0906645457844 200838.84854394963 
227.38522027483032 -15818.067517743139 
-1029.2413534198263 172169.12468213364 
-786.3070355027396 20170.93111167361 
-1935.6399160187996 180893.3765469009 
-496.33537168383 -7643.17110339097 
-675.7053307784545 -382.65678777513125 
165.60605418549423 -14667.797161140916 
-83.36847667198842 -13664.377925868539 
-289.80872707805827 -8626.58549066321 
-764.4905876950984 9223.259631520199 
-737.9834459974905 -260.72627862704945 
-784.9440299045569 13487.862245694087 
-218.23503683836154 -10676.403568483982 
-257.14591229625074 -9224.832432021405 
-113.76486180687363 -12387.44737496324 
